object={
	name="tree_leaf_high_generator_2_0"
	clamp_to_water_level=no
	render_under_water=no
	generated_content=yes
	layer="tree_high_layer"
	pdxmesh="tree_leaf_01_b_mesh"
	count=95
	transform="5935.161621 0.000000 954.406555 0.000000 0.927051 0.000000 0.374935 0.363156 0.363156 0.363156
5958.856934 0.000000 942.429626 0.000000 0.217381 0.000000 0.976087 0.357481 0.357481 0.357481
5986.025391 0.000000 939.810059 0.000000 0.201142 0.000000 0.979562 0.270194 0.270194 0.270194
5977.769531 0.000000 953.884277 0.000000 0.613286 0.000000 -0.789861 0.453650 0.453650 0.453650
5939.733398 0.000000 984.868164 0.000000 0.536284 0.000000 -0.844038 0.412041 0.412041 0.412041
5942.899414 0.000000 986.924316 0.000000 0.997045 0.000000 -0.076818 0.401766 0.401766 0.401766
5951.181641 0.000000 996.123779 0.000000 0.523007 0.000000 -0.852328 0.474388 0.474388 0.474388
5922.804199 0.000000 1034.894897 0.000000 0.716323 0.000000 0.697769 0.308611 0.308611 0.308611
5920.586426 0.000000 1035.829102 0.000000 0.643541 0.000000 -0.765412 0.462239 0.462239 0.462239
5930.473633 0.000000 1028.659790 0.000000 0.380760 0.000000 0.924674 0.321037 0.321037 0.321037
6128.864258 0.000000 1040.047485 0.000000 0.010254 0.000000 0.999947 0.331431 0.331431 0.331431
6126.451660 0.000000 1056.867188 0.000000 0.555538 0.000000 0.831491 0.317644 0.317644 0.317644
6136.444824 0.000000 1633.354492 0.000000 0.859570 0.000000 0.511018 0.364113 0.364113 0.364113
6074.023926 0.000000 1716.514404 0.000000 0.331696 0.000000 -0.943386 0.480015 0.480015 0.480015
6104.209961 0.000000 1712.286377 0.000000 0.657014 0.000000 0.753879 0.343291 0.343291 0.343291
6102.318848 0.000000 1730.293213 0.000000 0.975477 0.000000 0.220099 0.382160 0.382160 0.382160
6161.331543 0.000000 1652.053589 0.000000 0.999190 0.000000 0.040245 0.395598 0.395598 0.395598
6158.914551 0.000000 1651.310181 0.000000 0.982948 0.000000 -0.183884 0.413389 0.413389 0.413389
6161.196289 0.000000 1654.558472 0.000000 0.896539 0.000000 0.442965 0.365859 0.365859 0.365859
6154.486816 0.000000 1659.159424 0.000000 0.620195 0.000000 -0.784448 0.458987 0.458987 0.458987
6162.216309 0.000000 1649.976440 0.000000 0.866092 0.000000 0.499885 0.367329 0.367329 0.367329
6308.583008 0.000000 1632.739746 0.000000 0.341769 0.000000 0.939784 0.266376 0.266376 0.266376
6316.450684 0.000000 1635.998901 0.000000 0.516833 0.000000 -0.856086 0.512372 0.512372 0.512372
6298.803223 0.000000 1631.859619 0.000000 0.997983 0.000000 0.063479 0.393054 0.393054 0.393054
6312.648438 0.000000 1634.042358 0.000000 0.151176 0.000000 -0.988507 0.555170 0.555170 0.555170
6308.521484 0.000000 1628.649292 0.000000 0.275461 0.000000 -0.961312 0.541249 0.541249 0.541249
6313.812012 0.000000 1627.045654 0.000000 0.938659 0.000000 -0.344847 0.434104 0.434104 0.434104
6304.179688 0.000000 1637.527100 0.000000 0.904617 0.000000 -0.426225 0.412752 0.412752 0.412752
6313.652344 0.000000 1636.943237 0.000000 0.937381 0.000000 0.348306 0.365539 0.365539 0.365539
6299.528809 0.000000 1636.940674 0.000000 0.928220 0.000000 -0.372033 0.412562 0.412562 0.412562
6318.428223 0.000000 1632.726562 0.000000 0.613778 0.000000 0.789479 0.362289 0.362289 0.362289
6296.745605 0.000000 1630.078247 0.000000 0.627727 0.000000 -0.778433 0.471720 0.471720 0.471720
6323.435547 0.000000 1627.306763 0.000000 0.195162 0.000000 -0.980771 0.504994 0.504994 0.504994
6299.544434 0.000000 1634.325317 0.000000 0.808007 0.000000 0.589172 0.348723 0.348723 0.348723
6310.031738 0.000000 1630.684448 0.000000 0.608520 0.000000 0.793538 0.328146 0.328146 0.328146
6293.279297 0.000000 1633.342163 0.000000 0.997024 0.000000 0.077088 0.393412 0.393412 0.393412
6308.625977 0.000000 1626.148193 0.000000 0.512772 0.000000 0.858525 0.325771 0.325771 0.325771
6314.831543 0.000000 1630.257202 0.000000 0.649113 0.000000 -0.760692 0.464307 0.464307 0.464307
6304.030762 0.000000 1626.284058 0.000000 0.932320 0.000000 0.361635 0.373395 0.373395 0.373395
6319.753906 0.000000 1630.185547 0.000000 0.998308 0.000000 0.058152 0.395410 0.395410 0.395410
6325.223145 0.000000 1636.613892 0.000000 0.326431 0.000000 -0.945221 0.462446 0.462446 0.462446
6316.823242 0.000000 1638.298950 0.000000 0.035687 0.000000 -0.999363 0.495811 0.495811 0.495811
6326.960938 0.000000 1629.736450 0.000000 0.467404 0.000000 0.884044 0.320945 0.320945 0.320945
6147.783691 0.000000 1667.376953 0.000000 0.963653 0.000000 -0.267157 0.417960 0.417960 0.417960
6173.949219 0.000000 1776.245239 0.000000 0.432009 0.000000 0.901869 0.268103 0.268103 0.268103
6161.331543 0.000000 1780.022339 0.000000 0.256676 0.000000 -0.966498 0.410475 0.410475 0.410475
6204.128906 0.000000 1781.040161 0.000000 0.985724 0.000000 0.168367 0.391806 0.391806 0.391806
6159.466309 0.000000 1787.206787 0.000000 0.142225 0.000000 -0.989834 0.519794 0.519794 0.519794
6161.196289 0.000000 1782.527222 0.000000 0.911544 0.000000 -0.411202 0.423064 0.423064 0.423064
6154.486816 0.000000 1787.128174 0.000000 0.080404 0.000000 0.996762 0.286149 0.286149 0.286149
6170.220215 0.000000 1833.368042 0.000000 0.683810 0.000000 0.729660 0.310572 0.310572 0.310572
6166.921387 0.000000 1841.978027 0.000000 0.998482 0.000000 -0.055088 0.406550 0.406550 0.406550
6159.456055 0.000000 1818.150146 0.000000 0.654574 0.000000 0.755998 0.299849 0.299849 0.299849
6172.022949 0.000000 1806.873291 0.000000 0.944044 0.000000 0.329821 0.363079 0.363079 0.363079
6171.754883 0.000000 1854.535767 0.000000 0.786667 0.000000 -0.617377 0.472761 0.472761 0.472761
6153.612305 0.000000 1853.260376 0.000000 0.279414 0.000000 0.960171 0.387785 0.387785 0.387785
6165.315430 0.000000 1836.185303 0.000000 0.904577 0.000000 -0.426310 0.448598 0.448598 0.448598
6170.818848 0.000000 1823.812744 0.000000 0.014798 0.000000 -0.999891 0.570147 0.570147 0.570147
6169.503418 0.000000 1837.947876 0.000000 0.052973 0.000000 0.998596 0.234031 0.234031 0.234031
6162.199707 0.000000 1821.405273 0.000000 0.584907 0.000000 -0.811101 0.503447 0.503447 0.503447
6165.020996 0.000000 1845.908569 0.000000 0.708424 0.000000 0.705787 0.314321 0.314321 0.314321
6165.733887 0.000000 1854.269897 0.000000 0.998074 0.000000 -0.062038 0.406788 0.406788 0.406788
6175.454102 0.000000 1855.311768 0.000000 0.950266 0.000000 -0.311438 0.409488 0.409488 0.409488
6160.261719 0.000000 1841.145142 0.000000 0.820934 0.000000 -0.571022 0.459477 0.459477 0.459477
6166.564941 0.000000 1820.097290 0.000000 0.986800 0.000000 0.161942 0.393746 0.393746 0.393746
6167.635254 0.000000 1834.571777 0.000000 0.339505 0.000000 -0.940604 0.510044 0.510044 0.510044
6165.578613 0.000000 1799.486206 0.000000 0.141556 0.000000 -0.989930 0.533405 0.533405 0.533405
6153.767578 0.000000 1819.399170 0.000000 0.949243 0.000000 -0.314542 0.414219 0.414219 0.414219
6170.980957 0.000000 1812.981689 0.000000 0.302128 0.000000 0.953267 0.293350 0.293350 0.293350
6163.375000 0.000000 1848.028320 0.000000 0.001448 0.000000 0.999999 0.263655 0.263655 0.263655
6168.761230 0.000000 1822.031372 0.000000 0.126251 0.000000 0.991998 0.279575 0.279575 0.279575
6179.228516 0.000000 1850.759521 0.000000 0.972143 0.000000 0.234390 0.389250 0.389250 0.389250
6176.800781 0.000000 1841.142822 0.000000 0.698027 0.000000 -0.716072 0.470539 0.470539 0.470539
6202.114258 0.000000 1811.906738 0.000000 0.999935 0.000000 0.011409 0.399493 0.399493 0.399493
6153.645508 0.000000 1827.026367 0.000000 0.987311 0.000000 0.158800 0.388534 0.388534 0.388534
6159.466309 0.000000 1851.191162 0.000000 0.966238 0.000000 0.257650 0.377620 0.377620 0.377620
6155.529785 0.000000 1794.604248 0.000000 0.822404 0.000000 0.568904 0.349538 0.349538 0.349538
6172.766113 0.000000 1833.485107 0.000000 0.591684 0.000000 -0.806170 0.475377 0.475377 0.475377
6164.456055 0.000000 1797.429810 0.000000 0.956816 0.000000 -0.290695 0.422827 0.422827 0.422827
6170.595703 0.000000 1852.459717 0.000000 0.894253 0.000000 0.447562 0.363855 0.363855 0.363855
6169.813477 0.000000 1801.173584 0.000000 0.143371 0.000000 -0.989669 0.489060 0.489060 0.489060
6169.746094 0.000000 1849.665527 0.000000 0.997939 0.000000 0.064171 0.396249 0.396249 0.396249
6164.439941 0.000000 1820.963623 0.000000 0.290086 0.000000 0.957001 0.304396 0.304396 0.304396
6174.249023 0.000000 1825.112183 0.000000 0.656366 0.000000 -0.754442 0.460180 0.460180 0.460180
6161.853516 0.000000 1850.958496 0.000000 0.209369 0.000000 0.977837 0.329385 0.329385 0.329385
6163.783203 0.000000 1831.831421 0.000000 0.598670 0.000000 0.800996 0.346659 0.346659 0.346659
6163.285645 0.000000 1844.711060 0.000000 0.888040 0.000000 0.459766 0.372091 0.372091 0.372091
6204.270996 0.000000 1806.092163 0.000000 0.929766 0.000000 -0.368152 0.425225 0.425225 0.425225
6159.843262 0.000000 1859.301636 0.000000 0.209593 0.000000 0.977789 0.251325 0.251325 0.251325
6170.276367 0.000000 1860.093994 0.000000 0.981345 0.000000 0.192254 0.395750 0.395750 0.395750
6161.990723 0.000000 1861.589844 0.000000 0.265014 0.000000 -0.964245 0.519021 0.519021 0.519021
6161.657715 0.000000 1857.708862 0.000000 0.264652 0.000000 -0.964344 0.483924 0.483924 0.483924
6164.456055 0.000000 1861.414185 0.000000 0.414577 0.000000 0.910014 0.316653 0.316653 0.316653
6168.259766 0.000000 1859.331787 0.000000 0.919399 0.000000 0.393327 0.370127 0.370127 0.370127
6170.780762 0.000000 1858.023926 0.000000 0.922686 0.000000 -0.385553 0.425099 0.425099 0.425099
"}
