object={
	name="tree_palm_generator_1_0"
	clamp_to_water_level=no
	render_under_water=no
	generated_content=yes
	layer="tree_high_layer"
	pdxmesh="tree_palm_01_a_mesh"
	count=151
	transform="6806.145996 0.000000 671.275635 0.000000 0.337784 0.000000 0.941224 0.605710 0.605710 0.605710
6820.376953 0.000000 685.761353 0.000000 0.105303 0.000000 -0.994440 0.755312 0.755312 0.755312
6820.520508 0.000000 672.974182 0.000000 0.663378 0.000000 -0.748285 0.704728 0.704728 0.704728
6810.142090 0.000000 681.649231 0.000000 0.446596 0.000000 0.894736 0.655084 0.655084 0.655084
6814.486816 0.000000 695.777527 0.000000 0.613830 0.000000 0.789438 0.684735 0.684735 0.684735
6792.847656 0.000000 650.089233 0.000000 0.916042 0.000000 0.401083 0.698269 0.698269 0.698269
6808.187500 0.000000 662.175903 0.000000 0.999999 0.000000 -0.001733 0.700007 0.700007 0.700007
6802.797363 0.000000 678.063049 0.000000 0.408192 0.000000 0.912896 0.693567 0.693567 0.693567
6813.888184 0.000000 675.652527 0.000000 0.072876 0.000000 0.997341 0.618330 0.618330 0.618330
6813.871094 0.000000 688.510864 0.000000 0.599937 0.000000 -0.800047 0.712965 0.712965 0.712965
6822.124023 0.000000 692.232239 0.000000 0.999813 0.000000 0.019363 0.699567 0.699567 0.699567
6798.755371 0.000000 672.792664 0.000000 0.048581 0.000000 -0.998819 0.721281 0.721281 0.721281
6816.839844 0.000000 680.712341 0.000000 0.471758 0.000000 -0.881728 0.763388 0.763388 0.763388
6804.674805 0.000000 666.107849 0.000000 0.999906 0.000000 0.013731 0.699789 0.699789 0.699789
6808.579590 0.000000 676.574402 0.000000 0.994875 0.000000 0.101112 0.692212 0.692212 0.692212
6821.156250 0.000000 697.268616 0.000000 0.485955 0.000000 -0.873984 0.732706 0.732706 0.732706
6809.361816 0.000000 667.683105 0.000000 0.770132 0.000000 -0.637885 0.711605 0.711605 0.711605
6810.740723 0.000000 672.094055 0.000000 0.557130 0.000000 0.830426 0.628764 0.628764 0.628764
6817.605469 0.000000 691.838623 0.000000 0.414006 0.000000 0.910274 0.616836 0.616836 0.616836
6813.898926 0.000000 684.037781 0.000000 0.833383 0.000000 0.552695 0.674620 0.674620 0.674620
6802.720703 0.000000 673.970825 0.000000 0.581033 0.000000 0.813880 0.645499 0.645499 0.645499
6802.121582 0.000000 669.686462 0.000000 0.299154 0.000000 -0.954205 0.781482 0.781482 0.781482
6806.181152 0.000000 680.382996 0.000000 0.762526 0.000000 -0.646958 0.718690 0.718690 0.718690
6813.268066 0.000000 679.416321 0.000000 0.948713 0.000000 0.316139 0.673917 0.673917 0.673917
6820.454590 0.000000 682.122986 0.000000 0.735967 0.000000 0.677018 0.685444 0.685444 0.685444
6816.917480 0.000000 686.796753 0.000000 0.399459 0.000000 -0.916751 0.784322 0.784322 0.784322
6818.080078 0.000000 695.540649 0.000000 0.949574 0.000000 0.313543 0.675477 0.675477 0.675477
6805.390625 0.000000 676.111938 0.000000 0.683039 0.000000 0.730382 0.645047 0.645047 0.645047
6819.324219 0.000000 688.817993 0.000000 0.634468 0.000000 -0.772949 0.756817 0.756817 0.756817
6817.923828 0.000000 683.872559 0.000000 0.141671 0.000000 -0.989914 0.801865 0.801865 0.801865
6816.312012 0.000000 698.249695 0.000000 0.578952 0.000000 -0.815362 0.727990 0.727990 0.727990
6808.001953 0.000000 673.514893 0.000000 0.011863 0.000000 -0.999930 0.811154 0.811154 0.811154
6806.486816 0.000000 668.378601 0.000000 0.948373 0.000000 -0.317156 0.715792 0.715792 0.715792
6811.466309 0.000000 677.175110 0.000000 0.998530 0.000000 0.054207 0.696133 0.696133 0.696133
6799.143555 0.000000 669.973389 0.000000 0.233423 0.000000 0.972375 0.657066 0.657066 0.657066
6808.698242 0.000000 679.324890 0.000000 0.231247 0.000000 0.972895 0.621467 0.621467 0.621467
6820.610352 0.000000 694.622253 0.000000 0.319486 0.000000 -0.947591 0.771399 0.771399 0.771399
6808.683105 0.000000 670.312683 0.000000 0.468466 0.000000 -0.883482 0.772693 0.772693 0.772693
6811.481934 0.000000 674.559692 0.000000 0.135087 0.000000 0.990834 0.587628 0.587628 0.587628
6816.722656 0.000000 689.424072 0.000000 0.114289 0.000000 0.993448 0.610418 0.610418 0.610418
6805.216797 0.000000 673.576538 0.000000 0.994619 0.000000 -0.103597 0.707690 0.707690 0.707690
6801.021484 0.000000 671.880005 0.000000 0.542970 0.000000 0.839752 0.631712 0.631712 0.631712
6803.670410 0.000000 671.553650 0.000000 0.545429 0.000000 0.838157 0.623576 0.623576 0.623576
6819.926270 0.000000 691.235535 0.000000 0.993962 0.000000 0.109724 0.692315 0.692315 0.692315
6812.687988 0.000000 681.766357 0.000000 0.704987 0.000000 0.709221 0.650400 0.650400 0.650400
6806.560547 0.000000 678.138062 0.000000 0.951524 0.000000 0.307575 0.682953 0.682953 0.682953
6804.361816 0.000000 669.244873 0.000000 0.534924 0.000000 0.844900 0.633872 0.633872 0.633872
6814.982422 0.000000 682.065369 0.000000 0.099959 0.000000 0.994992 0.584859 0.584859 0.584859
6816.662109 0.000000 693.812561 0.000000 0.698804 0.000000 -0.715313 0.744574 0.744574 0.744574
6810.937500 0.000000 679.305908 0.000000 0.414096 0.000000 -0.910233 0.784756 0.784756 0.784756
6815.929199 0.000000 684.673096 0.000000 0.505276 0.000000 -0.862958 0.774231 0.774231 0.774231
6818.839355 0.000000 693.557190 0.000000 0.038734 0.000000 -0.999250 0.817805 0.817805 0.817805
6809.488770 0.000000 674.820374 0.000000 0.176226 0.000000 -0.984350 0.803266 0.803266 0.803266
6815.150391 0.000000 679.750183 0.000000 0.353483 0.000000 -0.935441 0.776094 0.776094 0.776094
6818.803223 0.000000 686.978760 0.000000 0.923958 0.000000 0.382493 0.670368 0.670368 0.670368
6807.135742 0.000000 675.377258 0.000000 0.519956 0.000000 -0.854193 0.778739 0.778739 0.778739
6816.841797 0.000000 682.471741 0.000000 0.856351 0.000000 -0.516394 0.740966 0.740966 0.740966
6809.870605 0.000000 677.912598 0.000000 0.960140 0.000000 0.279520 0.678217 0.678217 0.678217
6818.263672 0.000000 690.179688 0.000000 0.111787 0.000000 -0.993732 0.812171 0.812171 0.812171
6868.130371 0.000000 698.890015 0.000000 0.896901 0.000000 0.442231 0.691674 0.691674 0.691674
6870.138184 0.000000 671.275635 0.000000 0.514318 0.000000 -0.857600 0.756192 0.756192 0.756192
6864.230957 0.000000 657.261353 0.000000 0.192812 0.000000 0.981236 0.674977 0.674977 0.674977
6874.134277 0.000000 681.649231 0.000000 0.995322 0.000000 0.096617 0.693641 0.693641 0.693641
6872.179688 0.000000 662.175903 0.000000 0.297850 0.000000 -0.954613 0.778023 0.778023 0.778023
6870.835449 0.000000 690.259338 0.000000 0.842423 0.000000 0.538816 0.672952 0.672952 0.672952
6860.592285 0.000000 696.291809 0.000000 0.997975 0.000000 0.063601 0.698754 0.698754 0.698754
6866.789551 0.000000 678.063049 0.000000 0.600392 0.000000 0.799706 0.693521 0.693521 0.693521
6877.880371 0.000000 675.652527 0.000000 0.681111 0.000000 -0.732180 0.726416 0.726416 0.726416
6869.892090 0.000000 654.163452 0.000000 0.486852 0.000000 -0.873484 0.774259 0.774259 0.774259
6865.245605 0.000000 692.287964 0.000000 0.770342 0.000000 0.637631 0.654567 0.654567 0.654567
6857.526367 0.000000 701.541626 0.000000 0.998748 0.000000 -0.050020 0.701959 0.701959 0.701959
6863.537109 0.000000 701.985168 0.000000 0.991389 0.000000 -0.130951 0.707711 0.707711 0.707711
6869.229492 0.000000 684.466492 0.000000 0.246107 0.000000 -0.969243 0.801664 0.801664 0.801664
6868.666992 0.000000 666.107849 0.000000 0.221907 0.000000 -0.975068 0.739548 0.739548 0.739548
6872.571777 0.000000 676.574402 0.000000 0.915981 0.000000 -0.401223 0.731746 0.731746 0.731746
6867.040527 0.000000 661.322571 0.000000 0.530204 0.000000 -0.847870 0.749517 0.749517 0.749517
6873.354004 0.000000 667.683105 0.000000 0.404439 0.000000 -0.914565 0.780699 0.780699 0.780699
6874.732910 0.000000 672.094055 0.000000 0.320481 0.000000 -0.947255 0.790479 0.790479 0.790479
6873.417480 0.000000 686.229187 0.000000 0.510343 0.000000 -0.859971 0.736182 0.736182 0.736182
6866.937988 0.000000 688.181641 0.000000 0.996011 0.000000 0.089231 0.695628 0.695628 0.695628
6872.449707 0.000000 657.796143 0.000000 0.721717 0.000000 0.692189 0.674348 0.674348 0.674348
6865.539062 0.000000 653.151917 0.000000 0.874860 0.000000 0.484375 0.680913 0.680913 0.680913
6868.935059 0.000000 694.189880 0.000000 0.997384 0.000000 -0.072288 0.703439 0.703439 0.703439
6870.173340 0.000000 680.382996 0.000000 0.538397 0.000000 0.842691 0.622932 0.622932 0.622932
6864.541016 0.000000 697.159912 0.000000 0.740941 0.000000 -0.671571 0.756619 0.756619 0.756619
6877.260254 0.000000 679.416321 0.000000 0.767547 0.000000 0.640992 0.682490 0.682490 0.682490
6867.944824 0.000000 657.687256 0.000000 0.799176 0.000000 -0.601098 0.743276 0.743276 0.743276
6860.785645 0.000000 699.863708 0.000000 0.156141 0.000000 0.987735 0.624878 0.624878 0.624878
6869.382812 0.000000 676.111938 0.000000 0.598225 0.000000 0.801329 0.659715 0.659715 0.659715
6862.623535 0.000000 693.962402 0.000000 0.261474 0.000000 0.965210 0.665302 0.665302 0.665302
6870.152344 0.000000 659.881348 0.000000 0.837673 0.000000 -0.546173 0.744428 0.744428 0.744428
6871.684082 0.000000 665.157776 0.000000 0.994065 0.000000 0.108790 0.691618 0.691618 0.691618
6864.175781 0.000000 689.426392 0.000000 0.569596 0.000000 0.821925 0.674372 0.674372 0.674372
6867.953125 0.000000 691.011841 0.000000 0.349901 0.000000 -0.936787 0.793297 0.793297 0.793297
6868.541992 0.000000 651.469360 0.000000 0.979295 0.000000 0.202438 0.694300 0.694300 0.694300
6870.247070 0.000000 687.317383 0.000000 0.924464 0.000000 0.381269 0.671562 0.671562 0.671562
6871.994141 0.000000 673.514893 0.000000 0.886866 0.000000 0.462027 0.666427 0.666427 0.666427
6870.479004 0.000000 668.378601 0.000000 0.991587 0.000000 0.129441 0.693285 0.693285 0.693285
6869.409668 0.000000 663.045471 0.000000 0.997344 0.000000 -0.072831 0.704790 0.704790 0.704790
6875.458496 0.000000 677.175110 0.000000 0.987128 0.000000 -0.159929 0.710554 0.710554 0.710554
6871.549316 0.000000 682.853088 0.000000 0.079281 0.000000 -0.996852 0.804256 0.804256 0.804256
6866.398438 0.000000 685.408203 0.000000 0.693001 0.000000 -0.720937 0.725890 0.725890 0.725890
6875.872070 0.000000 666.144714 0.000000 0.998425 0.000000 0.056102 0.698038 0.698038 0.698038
6860.863770 0.000000 702.707825 0.000000 0.387887 0.000000 0.921707 0.609845 0.609845 0.609845
6872.690430 0.000000 679.324890 0.000000 0.446609 0.000000 0.894729 0.627206 0.627206 0.627206
6867.289062 0.000000 696.309509 0.000000 0.998442 0.000000 0.055800 0.697190 0.697190 0.697190
6875.511230 0.000000 669.372437 0.000000 0.121404 0.000000 0.992603 0.625041 0.625041 0.625041
6872.675293 0.000000 670.312683 0.000000 0.999668 0.000000 0.025781 0.698017 0.698017 0.698017
6874.115234 0.000000 664.090637 0.000000 0.605961 0.000000 0.795494 0.663993 0.663993 0.663993
6866.362793 0.000000 655.596985 0.000000 0.195366 0.000000 -0.980730 0.784532 0.784532 0.784532
6875.474121 0.000000 674.559692 0.000000 0.148638 0.000000 -0.988892 0.795400 0.795400 0.795400
6863.380371 0.000000 699.472473 0.000000 0.112530 0.000000 0.993648 0.587887 0.587887 0.587887
6870.287109 0.000000 656.632446 0.000000 0.821238 0.000000 0.570586 0.660949 0.660949 0.660949
6868.348145 0.000000 682.200012 0.000000 0.019365 0.000000 -0.999812 0.793267 0.793267 0.793267
6865.110352 0.000000 694.792908 0.000000 0.241023 0.000000 0.970519 0.597933 0.597933 0.597933
6870.552734 0.000000 678.138062 0.000000 0.990600 0.000000 -0.136793 0.709784 0.709784 0.709784
6865.767578 0.000000 699.239746 0.000000 0.341790 0.000000 -0.939776 0.764919 0.764919 0.764919
6872.884277 0.000000 660.082764 0.000000 0.958817 0.000000 -0.284024 0.715300 0.715300 0.715300
6867.714844 0.000000 653.510620 0.000000 0.862772 0.000000 0.505592 0.666652 0.666652 0.666652
6874.929688 0.000000 679.305908 0.000000 0.172517 0.000000 -0.985007 0.801591 0.801591 0.801591
6871.452148 0.000000 685.229187 0.000000 0.831678 0.000000 0.555258 0.658027 0.658027 0.658027
6868.976562 0.000000 689.158325 0.000000 0.566867 0.000000 0.823809 0.625559 0.625559 0.625559
6862.369141 0.000000 697.526367 0.000000 0.332474 0.000000 0.943112 0.627666 0.627666 0.627666
6868.323242 0.000000 686.394531 0.000000 0.851240 0.000000 0.524776 0.665244 0.665244 0.665244
6867.199707 0.000000 692.992310 0.000000 0.996088 0.000000 -0.088365 0.706432 0.706432 0.706432
6866.130371 0.000000 690.210876 0.000000 0.905919 0.000000 -0.423452 0.728120 0.728120 0.728120
6873.480957 0.000000 674.820374 0.000000 0.883972 0.000000 -0.467539 0.734688 0.734688 0.734688
6868.166992 0.000000 659.705994 0.000000 0.448967 0.000000 -0.893548 0.783437 0.783437 0.783437
6868.402344 0.000000 655.552429 0.000000 0.953601 0.000000 -0.301074 0.723515 0.723515 0.723515
6859.452148 0.000000 701.390686 0.000000 0.759487 0.000000 0.650523 0.655440 0.655440 0.655440
6872.380859 0.000000 681.124634 0.000000 0.821920 0.000000 0.569603 0.653401 0.653401 0.653401
6871.127930 0.000000 675.377258 0.000000 0.582866 0.000000 -0.812568 0.766306 0.766306 0.766306
6861.893555 0.000000 701.292358 0.000000 0.086528 0.000000 0.996249 0.585877 0.585877 0.585877
6871.717773 0.000000 666.972595 0.000000 0.875701 0.000000 -0.482853 0.737338 0.737338 0.737338
6869.562012 0.000000 658.265503 0.000000 0.928415 0.000000 0.371545 0.670729 0.670729 0.670729
6858.545898 0.000000 704.614990 0.000000 0.679114 0.000000 -0.734033 0.763379 0.763379 0.763379
6853.952637 0.000000 708.515564 0.000000 0.628761 0.000000 -0.777599 0.768500 0.768500 0.768500
6851.333496 0.000000 705.081726 0.000000 0.400134 0.000000 0.916456 0.680553 0.680553 0.680553
6864.694336 0.000000 703.833923 0.000000 0.955461 0.000000 0.295117 0.692461 0.692461 0.692461
6850.445312 0.000000 709.699524 0.000000 0.937764 0.000000 0.347273 0.687108 0.687108 0.687108
6855.248535 0.000000 705.166016 0.000000 0.138188 0.000000 0.990406 0.601889 0.601889 0.601889
6853.052246 0.000000 711.723511 0.000000 0.502448 0.000000 0.864607 0.653277 0.653277 0.653277
6856.385254 0.000000 710.727966 0.000000 0.998133 0.000000 -0.061082 0.702222 0.702222 0.702222
6861.571777 0.000000 705.396118 0.000000 0.510619 0.000000 0.859807 0.660935 0.660935 0.660935
6856.826172 0.000000 707.808716 0.000000 0.997617 0.000000 0.068992 0.694980 0.694980 0.694980
6859.443848 0.000000 706.869873 0.000000 0.928171 0.000000 -0.372153 0.718126 0.718126 0.718126
6851.697754 0.000000 707.611328 0.000000 0.410968 0.000000 -0.911650 0.751327 0.751327 0.751327
6852.528809 0.000000 709.856995 0.000000 0.694297 0.000000 0.719688 0.643843 0.643843 0.643843
6857.038086 0.000000 705.832520 0.000000 0.708488 0.000000 0.705723 0.639758 0.639758 0.639758
6860.386230 0.000000 703.922668 0.000000 0.564106 0.000000 -0.825703 0.769266 0.769266 0.769266
6855.131348 0.000000 707.041016 0.000000 0.940189 0.000000 -0.340653 0.726729 0.726729 0.726729
"}
