object={
	name="tree_leaf_high_generator_3_0"
	clamp_to_water_level=no
	render_under_water=no
	generated_content=yes
	layer="tree_high_layer"
	pdxmesh="tree_leaf_01_c_mesh"
	count=359
	transform="5879.929688 0.000000 1012.119751 0.000000 0.070550 0.000000 0.997508 0.570788 0.570788 0.570788
5883.840332 0.000000 1020.486328 0.000000 0.909281 0.000000 -0.416182 0.865583 0.865583 0.865583
5883.747070 0.000000 1003.575073 0.000000 0.696731 0.000000 0.717333 0.677774 0.677774 0.677774
5875.962891 0.000000 1006.084900 0.000000 0.660891 0.000000 -0.750481 0.929686 0.929686 0.929686
5885.456543 0.000000 1010.851807 0.000000 0.979681 0.000000 -0.200563 0.830853 0.830853 0.830853
5879.983398 0.000000 999.361877 0.000000 0.786317 0.000000 0.617824 0.698247 0.698247 0.698247
5877.278320 0.000000 1021.831848 0.000000 0.735004 0.000000 0.678063 0.744639 0.744639 0.744639
5927.603027 0.000000 957.721863 0.000000 0.848759 0.000000 0.528780 0.714872 0.714872 0.714872
5937.643555 0.000000 956.173706 0.000000 0.763744 0.000000 0.645519 0.773933 0.773933 0.773933
5932.228516 0.000000 954.002991 0.000000 0.870347 0.000000 0.492439 0.721331 0.721331 0.721331
5921.532715 0.000000 956.934265 0.000000 0.755405 0.000000 -0.655258 0.909171 0.909171 0.909171
5928.974609 0.000000 951.341370 0.000000 0.445841 0.000000 -0.895112 0.900972 0.900972 0.900972
5931.908691 0.000000 951.049438 0.000000 0.772622 0.000000 0.634866 0.755078 0.755078 0.755078
5967.714844 0.000000 941.139343 0.000000 0.473333 0.000000 0.880883 0.635336 0.635336 0.635336
5978.243652 0.000000 937.586731 0.000000 0.450306 0.000000 0.892874 0.631369 0.631369 0.631369
5982.588379 0.000000 951.715027 0.000000 0.523773 0.000000 0.851858 0.775565 0.775565 0.775565
5959.834961 0.000000 945.649475 0.000000 0.908149 0.000000 0.418648 0.734002 0.734002 0.734002
5974.944824 0.000000 946.196838 0.000000 0.633789 0.000000 0.773506 0.664881 0.664881 0.664881
5964.701660 0.000000 952.229309 0.000000 0.158190 0.000000 0.987409 0.712863 0.712863 0.712863
5970.898926 0.000000 934.000549 0.000000 0.971908 0.000000 -0.235361 0.836301 0.836301 0.836301
5981.989746 0.000000 931.590027 0.000000 0.493649 0.000000 0.869661 0.686270 0.686270 0.686270
5981.972656 0.000000 944.448364 0.000000 0.439330 0.000000 -0.898326 0.970504 0.970504 0.970504
5959.530762 0.000000 939.273743 0.000000 0.740531 0.000000 0.672022 0.783663 0.783663 0.783663
5969.354980 0.000000 948.225464 0.000000 0.501388 0.000000 -0.865223 0.959755 0.959755 0.959755
5984.941406 0.000000 936.649841 0.000000 0.997648 0.000000 0.068546 0.789519 0.789519 0.789519
5976.978516 0.000000 951.573120 0.000000 0.780475 0.000000 -0.625187 0.903189 0.903189 0.903189
5973.338867 0.000000 940.403992 0.000000 0.125927 0.000000 -0.992040 1.020709 1.020709 1.020709
5966.642578 0.000000 936.441162 0.000000 0.000093 0.000000 1.000000 0.611776 0.611776 0.611776
5985.707031 0.000000 947.776123 0.000000 0.963231 0.000000 0.268676 0.789243 0.789243 0.789243
5962.874512 0.000000 937.362122 0.000000 0.693194 0.000000 -0.720751 0.879091 0.879091 0.879091
5908.247559 0.000000 1018.811890 0.000000 0.374563 0.000000 0.927201 0.618659 0.618659 0.618659
5935.560059 0.000000 981.708923 0.000000 0.997960 0.000000 -0.063839 0.800344 0.800344 0.800344
5889.257324 0.000000 1002.776978 0.000000 0.289605 0.000000 -0.957146 0.995109 0.995109 0.995109
5892.843262 0.000000 1018.321655 0.000000 0.998750 0.000000 -0.049987 0.807641 0.807641 0.807641
5927.603027 0.000000 1021.706238 0.000000 0.720213 0.000000 0.693753 0.682859 0.682859 0.682859
5930.267090 0.000000 967.712280 0.000000 0.941262 0.000000 0.337677 0.747372 0.747372 0.747372
5945.692383 0.000000 973.291138 0.000000 0.093983 0.000000 0.995574 0.574381 0.574381 0.574381
5946.551270 0.000000 986.358643 0.000000 0.039680 0.000000 0.999212 0.566064 0.566064 0.566064
5918.596191 0.000000 1015.699402 0.000000 0.970203 0.000000 -0.242294 0.837392 0.837392 0.837392
5922.777344 0.000000 960.328125 0.000000 0.618848 0.000000 -0.785511 0.938048 0.938048 0.938048
5895.842773 0.000000 1009.633850 0.000000 0.361741 0.000000 -0.932278 0.824460 0.824460 0.824460
5910.952637 0.000000 1010.181213 0.000000 0.003796 0.000000 0.999993 0.560580 0.560580 0.560580
5937.040527 0.000000 973.247375 0.000000 0.647096 0.000000 -0.762408 0.932472 0.932472 0.932472
5928.823242 0.000000 976.177795 0.000000 0.867942 0.000000 -0.496665 0.879412 0.879412 0.879412
5887.782715 0.000000 1010.882202 0.000000 0.954992 0.000000 -0.296633 0.846015 0.846015 0.846015
5900.709473 0.000000 1016.213684 0.000000 0.380877 0.000000 -0.924626 0.980299 0.980299 0.980299
5922.804199 0.000000 970.910522 0.000000 0.479189 0.000000 -0.877712 0.963647 0.963647 0.963647
5934.831543 0.000000 961.193726 0.000000 0.967146 0.000000 0.254220 0.760727 0.760727 0.760727
5942.653320 0.000000 980.291931 0.000000 0.945060 0.000000 0.326898 0.749118 0.749118 0.749118
5915.786133 0.000000 1022.738953 0.000000 0.998860 0.000000 -0.047726 0.807295 0.807295 0.807295
5917.980469 0.000000 1008.432739 0.000000 0.197593 0.000000 0.980284 0.590390 0.590390 0.590390
5940.166016 0.000000 967.068848 0.000000 0.447221 0.000000 -0.894424 0.969159 0.969159 0.969159
5948.711426 0.000000 980.589233 0.000000 0.783775 0.000000 -0.621045 0.902380 0.902380 0.902380
5887.383789 0.000000 1020.837219 0.000000 0.880473 0.000000 0.474097 0.724532 0.724532 0.724532
5905.362793 0.000000 1012.209839 0.000000 0.301693 0.000000 -0.953405 0.993175 0.993175 0.993175
5928.716797 0.000000 961.836853 0.000000 0.771705 0.000000 -0.635980 0.905314 0.905314 0.905314
5897.643555 0.000000 1021.463501 0.000000 0.965666 0.000000 0.259788 0.772601 0.772601 0.772601
5921.532715 0.000000 1020.918640 0.000000 0.213535 0.000000 -0.976935 1.007121 1.007121 1.007121
5903.654297 0.000000 1021.907043 0.000000 0.796490 0.000000 -0.604651 0.899210 0.899210 0.899210
5912.986328 0.000000 1015.557495 0.000000 0.036509 0.000000 0.999333 0.565579 0.565579 0.565579
5923.570801 0.000000 976.315674 0.000000 0.168290 0.000000 0.985737 0.618590 0.618590 0.618590
5887.315918 0.000000 998.566833 0.000000 0.916829 0.000000 -0.399280 0.823626 0.823626 0.823626
5949.295898 0.000000 970.033447 0.000000 0.593062 0.000000 -0.805156 0.857761 0.857761 0.857761
5913.534668 0.000000 1006.151062 0.000000 0.369785 0.000000 -0.929117 0.884278 0.884278 0.884278
5896.542480 0.000000 1014.592163 0.000000 0.523704 0.000000 0.851900 0.655213 0.655213 0.655213
5894.864746 0.000000 1006.414001 0.000000 0.723271 0.000000 0.690564 0.760265 0.760265 0.760265
5918.783203 0.000000 968.357788 0.000000 0.543494 0.000000 0.839413 0.739713 0.739713 0.739713
5972.239746 0.000000 1018.811890 0.000000 0.072382 0.000000 0.997377 0.571069 0.571069 0.571069
5952.775879 0.000000 975.622070 0.000000 0.119264 0.000000 0.992863 0.578266 0.578266 0.578266
5953.249512 0.000000 1002.776978 0.000000 0.630707 0.000000 -0.776021 0.817565 0.817565 0.817565
5956.835449 0.000000 1018.321655 0.000000 0.069773 0.000000 0.997563 0.746939 0.746939 0.746939
5968.340332 0.000000 977.183228 0.000000 0.539331 0.000000 -0.842094 0.952965 0.952965 0.952965
5959.440918 0.000000 989.090027 0.000000 0.989511 0.000000 -0.144456 0.822149 0.822149 0.822149
5967.714844 0.000000 1005.123718 0.000000 0.934518 0.000000 0.355915 0.744401 0.744401 0.744401
5960.949219 0.000000 970.011108 0.000000 0.631671 0.000000 -0.775237 0.935537 0.935537 0.935537
5962.646484 0.000000 997.573669 0.000000 0.793815 0.000000 -0.608160 0.899884 0.899884 0.899884
5959.834961 0.000000 1009.633850 0.000000 0.622443 0.000000 0.782665 0.662653 0.662653 0.662653
5951.504395 0.000000 984.644165 0.000000 0.860665 0.000000 0.509172 0.718377 0.718377 0.718377
5951.987793 0.000000 993.931274 0.000000 0.118406 0.000000 -0.992965 1.021866 1.021866 1.021866
5960.075195 0.000000 980.093750 0.000000 0.186978 0.000000 -0.982364 1.011263 1.011263 1.011263
5964.701660 0.000000 1016.213684 0.000000 0.984664 0.000000 0.174460 0.773207 0.773207 0.773207
5953.591309 0.000000 969.227478 0.000000 0.953309 0.000000 0.301998 0.753126 0.753126 0.753126
5966.856934 0.000000 992.714539 0.000000 0.946347 0.000000 -0.323153 0.850277 0.850277 0.850277
5959.530762 0.000000 1003.258118 0.000000 0.997442 0.000000 0.071483 0.789069 0.789069 0.789069
5974.001465 0.000000 974.085327 0.000000 0.683155 0.000000 -0.730273 0.925091 0.925091 0.925091
5969.354980 0.000000 1012.209839 0.000000 0.882899 0.000000 -0.469563 0.874683 0.874683 0.874683
5956.526855 0.000000 997.797791 0.000000 0.993690 0.000000 -0.112165 0.817174 0.817174 0.817174
5961.635742 0.000000 1021.463501 0.000000 0.159506 0.000000 -0.987197 1.015525 1.015525 1.015525
5963.131836 0.000000 975.194214 0.000000 0.963449 0.000000 0.267890 0.758563 0.758563 0.758563
5967.646484 0.000000 1021.907043 0.000000 0.208512 0.000000 0.978020 0.592094 0.592094 0.592094
5971.047363 0.000000 1008.103516 0.000000 0.966309 0.000000 -0.257384 0.813726 0.813726 0.813726
5973.044434 0.000000 1014.111755 0.000000 0.294718 0.000000 0.955584 0.659043 0.659043 0.659043
5878.342773 0.000000 1024.502197 0.000000 0.150476 0.000000 0.988614 0.583079 0.583079 0.583079
5882.954102 0.000000 1030.127563 0.000000 0.598864 0.000000 -0.800851 0.941897 0.941897 0.941897
5884.937012 0.000000 1024.556519 0.000000 0.352128 0.000000 -0.935952 0.985020 0.985020 0.985020
5877.011719 0.000000 1026.792969 0.000000 0.144770 0.000000 0.989465 0.686401 0.686401 0.686401
5915.648926 0.000000 1031.414673 0.000000 0.854048 0.000000 -0.520195 0.883588 0.883588 0.883588
5887.654297 0.000000 1027.043091 0.000000 0.824794 0.000000 0.565434 0.708180 0.708180 0.708180
5922.777344 0.000000 1024.312500 0.000000 0.999921 0.000000 -0.012562 0.801919 0.801919 0.801919
5908.855957 0.000000 1024.104004 0.000000 0.551581 0.000000 0.834121 0.649268 0.649268 0.649268
5906.920410 0.000000 1032.773560 0.000000 0.541743 0.000000 0.840544 0.764111 0.764111 0.764111
5889.599121 0.000000 1033.211792 0.000000 0.093433 0.000000 0.995626 0.730961 0.730961 0.730961
5916.786133 0.000000 1025.473633 0.000000 0.992270 0.000000 0.124096 0.780991 0.780991 0.780991
5894.069824 0.000000 1028.437500 0.000000 0.901457 0.000000 -0.432869 0.836480 0.836480 0.836480
5903.874512 0.000000 1027.504761 0.000000 0.844174 0.000000 0.536069 0.713556 0.713556 0.713556
5928.716797 0.000000 1025.821167 0.000000 0.431280 0.000000 -0.902218 0.971870 0.971870 0.971870
5918.358887 0.000000 1035.162354 0.000000 0.810102 0.000000 0.586289 0.741819 0.741819 0.741819
5914.610352 0.000000 1035.642578 0.000000 0.864672 0.000000 0.502336 0.751122 0.751122 0.751122
5901.688965 0.000000 1025.317993 0.000000 0.404720 0.000000 -0.914441 0.916867 0.916867 0.916867
5962.655273 0.000000 1024.536865 0.000000 0.912139 0.000000 0.409882 0.793421 0.793421 0.793421
5968.803711 0.000000 1023.755798 0.000000 0.434878 0.000000 0.900489 0.658291 0.658291 0.658291
6127.536621 0.000000 1045.693359 0.000000 0.305420 0.000000 -0.952218 0.992577 0.992577 0.992577
6113.047363 0.000000 1044.661987 0.000000 0.231685 0.000000 -0.972791 1.004277 1.004277 1.004277
6138.527832 0.000000 1050.343018 0.000000 0.898289 0.000000 0.439406 0.730491 0.730491 0.730491
6104.273438 0.000000 1046.082153 0.000000 0.891835 0.000000 0.452361 0.728279 0.728279 0.728279
6120.799805 0.000000 1040.162109 0.000000 0.817574 0.000000 0.575824 0.706247 0.706247 0.706247
6125.395996 0.000000 1054.036377 0.000000 0.946607 0.000000 -0.322391 0.850154 0.850154 0.850154
6110.191895 0.000000 1052.009399 0.000000 0.407221 0.000000 -0.913329 0.895203 0.895203 0.895203
6119.186035 0.000000 1049.333740 0.000000 0.860396 0.000000 -0.509627 0.881704 0.881704 0.881704
6108.030762 0.000000 1039.060791 0.000000 0.665437 0.000000 0.746454 0.671242 0.671242 0.671242
6134.629883 0.000000 1044.276245 0.000000 0.276406 0.000000 0.961041 0.602789 0.602789 0.602789
6132.777832 0.000000 1053.972900 0.000000 0.999464 0.000000 -0.032730 0.805002 0.805002 0.805002
6140.687988 0.000000 1044.573608 0.000000 0.970851 0.000000 -0.239682 0.836981 0.836981 0.836981
6105.447754 0.000000 1051.589355 0.000000 0.881788 0.000000 -0.471645 0.830900 0.830900 0.830900
6129.159668 0.000000 1056.435913 0.000000 0.998759 0.000000 0.049796 0.794717 0.794717 0.794717
6141.273926 0.000000 1053.651367 0.000000 0.998714 0.000000 0.050697 0.793102 0.793102 0.793102
6123.623047 0.000000 1056.822388 0.000000 0.938483 0.000000 -0.345324 0.831055 0.831055 0.831055
6103.777832 0.000000 1049.064087 0.000000 0.049734 0.000000 0.998762 0.704307 0.704307 0.704307
6123.497559 0.000000 1039.285156 0.000000 0.049766 0.000000 -0.998761 0.919386 0.919386 0.919386
6139.809082 0.000000 1660.330078 0.000000 0.445045 0.000000 -0.895508 0.969530 0.969530 0.969530
6139.715820 0.000000 1643.418823 0.000000 0.944497 0.000000 0.328521 0.748856 0.748856 0.748856
6129.620117 0.000000 1660.001831 0.000000 0.991087 0.000000 0.133220 0.779585 0.779585 0.779585
6140.528320 0.000000 1635.761230 0.000000 0.988441 0.000000 -0.151604 0.823253 0.823253 0.823253
6141.425293 0.000000 1650.695557 0.000000 0.659796 0.000000 -0.751445 0.929908 0.929908 0.929908
6135.952148 0.000000 1639.205566 0.000000 0.916447 0.000000 0.400157 0.737099 0.737099 0.737099
6124.205078 0.000000 1657.831055 0.000000 0.440136 0.000000 0.897931 0.738534 0.738534 0.738534
6136.927734 0.000000 1647.304321 0.000000 0.494317 0.000000 0.869282 0.747596 0.747596 0.747596
6135.035645 0.000000 1634.900757 0.000000 0.035850 0.000000 0.999357 0.676761 0.676761 0.676761
6133.627930 0.000000 1654.384399 0.000000 0.304888 0.000000 -0.952388 0.910309 0.910309 0.910309
6133.848633 0.000000 1641.369263 0.000000 0.970822 0.000000 0.239803 0.782588 0.782588 0.782588
6075.723633 0.000000 1707.403198 0.000000 0.981319 0.000000 -0.192385 0.829579 0.829579 0.829579
6077.433105 0.000000 1714.679932 0.000000 0.244407 0.000000 -0.969673 1.002275 1.002275 1.002275
6078.625000 0.000000 1719.663574 0.000000 0.706987 0.000000 -0.707226 0.861190 0.861190 0.861190
6100.224121 0.000000 1722.640015 0.000000 0.449570 0.000000 0.893245 0.631243 0.631243 0.631243
6081.233887 0.000000 1706.605103 0.000000 0.997579 0.000000 -0.069539 0.810633 0.810633 0.810633
6134.311523 0.000000 1664.345947 0.000000 0.484052 0.000000 0.875039 0.637201 0.637201 0.637201
6084.819824 0.000000 1722.149780 0.000000 0.999824 0.000000 0.018751 0.797135 0.797135 0.797135
6122.243652 0.000000 1671.540405 0.000000 0.429332 0.000000 -0.903147 0.892515 0.892515 0.892515
6110.572754 0.000000 1719.527588 0.000000 0.567067 0.000000 0.823672 0.652123 0.652123 0.652123
6087.819336 0.000000 1713.461914 0.000000 0.972257 0.000000 -0.233916 0.836074 0.836074 0.836074
6102.929199 0.000000 1714.009277 0.000000 0.647262 0.000000 0.762268 0.667561 0.667561 0.667561
6079.759277 0.000000 1714.710327 0.000000 0.823220 0.000000 -0.567723 0.892244 0.892244 0.892244
6092.686035 0.000000 1720.041748 0.000000 0.469067 0.000000 -0.883162 0.965403 0.965403 0.965403
6126.808105 0.000000 1665.021851 0.000000 0.352116 0.000000 0.935956 0.614978 0.614978 0.614978
6107.762695 0.000000 1726.567017 0.000000 0.702616 0.000000 0.711569 0.679033 0.679033 0.679033
6138.922852 0.000000 1669.971313 0.000000 0.205945 0.000000 -0.978564 1.008307 1.008307 1.008307
6132.142578 0.000000 1670.896973 0.000000 0.596159 0.000000 0.802866 0.657588 0.657588 0.657588
6087.515137 0.000000 1707.086182 0.000000 0.904892 0.000000 -0.425640 0.867177 0.867177 0.867177
6097.339355 0.000000 1716.037964 0.000000 0.826703 0.000000 -0.562639 0.891303 0.891303 0.891303
6120.693359 0.000000 1665.664917 0.000000 0.388856 0.000000 -0.921299 0.978978 0.978978 0.978978
6089.620117 0.000000 1725.291626 0.000000 0.999759 0.000000 -0.021975 0.803358 0.803358 0.803358
6113.509277 0.000000 1724.746826 0.000000 0.990473 0.000000 -0.137710 0.821108 0.821108 0.821108
6140.905762 0.000000 1664.400269 0.000000 0.837508 0.000000 -0.546424 0.888326 0.888326 0.888326
6095.630859 0.000000 1725.735229 0.000000 0.990073 0.000000 -0.140551 0.821546 0.821546 0.821546
6104.962891 0.000000 1719.385620 0.000000 0.975421 0.000000 -0.220350 0.833946 0.833946 0.833946
6084.835938 0.000000 1727.531372 0.000000 0.895028 0.000000 0.446010 0.773131 0.773131 0.773131
6113.691406 0.000000 1715.588623 0.000000 0.168935 0.000000 -0.985627 0.843652 0.843652 0.843652
6142.444336 0.000000 1670.496704 0.000000 0.041689 0.000000 0.999131 0.682728 0.682728 0.682728
6130.267090 0.000000 1673.765747 0.000000 0.853178 0.000000 -0.521620 0.836496 0.836496 0.836496
6082.743652 0.000000 1724.895386 0.000000 0.984325 0.000000 0.176365 0.785340 0.785340 0.785340
6082.066406 0.000000 1703.536011 0.000000 0.972385 0.000000 -0.233381 0.815948 0.815948 0.815948
6090.639648 0.000000 1728.364990 0.000000 0.383759 0.000000 0.923433 0.620178 0.620178 0.620178
6114.753906 0.000000 1728.140625 0.000000 0.079869 0.000000 -0.996805 1.027784 1.027784 1.027784
6100.832520 0.000000 1727.932129 0.000000 0.982846 0.000000 0.184430 0.771659 0.771659 0.771659
6108.762695 0.000000 1729.301758 0.000000 0.436247 0.000000 0.899827 0.628973 0.628973 0.628973
6095.851074 0.000000 1731.332886 0.000000 0.340052 0.000000 0.940407 0.613013 0.613013 0.613013
6099.622070 0.000000 1731.208740 0.000000 0.273796 0.000000 -0.961788 0.914701 0.914701 0.914701
6088.919922 0.000000 1731.558716 0.000000 0.966400 0.000000 -0.257042 0.818691 0.818691 0.818691
6143.480957 0.000000 1048.628540 0.000000 0.268683 0.000000 -0.963229 0.901942 0.901942 0.901942
6143.300293 0.000000 1051.733765 0.000000 0.819503 0.000000 0.573075 0.763070 0.763070 0.763070
6145.226074 0.000000 1642.620728 0.000000 0.830230 0.000000 -0.557421 0.890340 0.890340 0.890340
6148.812012 0.000000 1658.165405 0.000000 0.684256 0.000000 0.729242 0.675139 0.675139 0.675139
6151.811523 0.000000 1649.477539 0.000000 0.997077 0.000000 0.076398 0.788316 0.788316 0.788316
6143.964355 0.000000 1633.775024 0.000000 0.820974 0.000000 -0.570966 0.892847 0.892847 0.892847
6166.921387 0.000000 1650.024902 0.000000 0.266801 0.000000 -0.963752 0.808573 0.808573 0.808573
6143.751465 0.000000 1650.725952 0.000000 0.279942 0.000000 0.960017 0.603351 0.603351 0.603351
6156.678223 0.000000 1656.057373 0.000000 0.616160 0.000000 -0.787621 0.907595 0.907595 0.907595
6151.507324 0.000000 1643.101807 0.000000 0.989714 0.000000 -0.143063 0.821934 0.821934 0.821934
6143.352539 0.000000 1660.681030 0.000000 0.518474 0.000000 -0.855093 0.956720 0.956720 0.956720
6148.503418 0.000000 1637.641602 0.000000 0.099890 0.000000 0.994999 0.575288 0.575288 0.575288
6153.612305 0.000000 1661.307251 0.000000 0.963272 0.000000 0.268526 0.781919 0.781919 0.781919
6157.233887 0.000000 1649.268921 0.000000 0.648306 0.000000 0.761380 0.782369 0.782369 0.782369
6155.309082 0.000000 1645.263428 0.000000 0.883032 0.000000 -0.469312 0.822831 0.822831 0.822831
6165.020996 0.000000 1653.955444 0.000000 0.083498 0.000000 0.996508 0.756337 0.756337 0.756337
6160.626953 0.000000 1656.925537 0.000000 0.888671 0.000000 0.458545 0.775739 0.775739 0.775739
6155.758789 0.000000 1652.498901 0.000000 0.564957 0.000000 -0.825120 0.866285 0.866285 0.866285
6156.871582 0.000000 1659.629395 0.000000 0.998298 0.000000 0.058325 0.797447 0.797447 0.797447
6160.261719 0.000000 1649.192017 0.000000 0.896966 0.000000 0.442100 0.768720 0.768720 0.768720
6164.039062 0.000000 1650.777466 0.000000 0.909413 0.000000 -0.415895 0.825186 0.825186 0.825186
6294.208496 0.000000 1631.041260 0.000000 0.813228 0.000000 0.581945 0.748270 0.748270 0.748270
6322.931641 0.000000 1636.443726 0.000000 0.606331 0.000000 -0.795212 0.891992 0.891992 0.891992
6317.372559 0.000000 1629.895752 0.000000 0.710201 0.000000 -0.703999 0.891720 0.891720 0.891720
6302.168457 0.000000 1627.868774 0.000000 0.844089 0.000000 -0.536203 0.856967 0.856967 0.856967
6311.162598 0.000000 1625.193115 0.000000 0.535849 0.000000 -0.844314 0.854210 0.854210 0.854210
6301.950684 0.000000 1635.418091 0.000000 0.577767 0.000000 0.816202 0.719335 0.719335 0.719335
6311.082031 0.000000 1639.048462 0.000000 0.046771 0.000000 0.998906 0.783563 0.783563 0.783563
6324.754395 0.000000 1629.832275 0.000000 0.310353 0.000000 -0.950621 0.955685 0.955685 0.955685
6296.642090 0.000000 1636.340088 0.000000 0.569531 0.000000 0.821970 0.745079 0.745079 0.745079
6329.538086 0.000000 1631.598389 0.000000 0.755438 0.000000 0.655220 0.773030 0.773030 0.773030
6306.329590 0.000000 1625.218628 0.000000 0.241168 0.000000 0.970483 0.724452 0.724452 0.724452
6297.424316 0.000000 1627.448730 0.000000 0.718961 0.000000 -0.695050 0.830390 0.830390 0.830390
6312.393555 0.000000 1629.764038 0.000000 0.293149 0.000000 -0.956067 0.957160 0.957160 0.957160
6316.655762 0.000000 1625.479614 0.000000 0.241959 0.000000 0.970286 0.722909 0.722909 0.722909
6321.136230 0.000000 1632.295288 0.000000 0.956837 0.000000 0.290626 0.776678 0.776678 0.776678
6304.321289 0.000000 1631.868774 0.000000 0.838783 0.000000 0.544466 0.757223 0.757223 0.757223
6307.248535 0.000000 1636.750122 0.000000 0.765903 0.000000 -0.642956 0.834311 0.834311 0.834311
6319.408691 0.000000 1639.058105 0.000000 0.990277 0.000000 0.139112 0.794648 0.794648 0.794648
6327.012207 0.000000 1634.900757 0.000000 0.319697 0.000000 0.947520 0.717172 0.717172 0.717172
6320.934082 0.000000 1627.993042 0.000000 0.504838 0.000000 -0.863214 0.914210 0.914210 0.914210
6315.036621 0.000000 1639.687988 0.000000 0.737891 0.000000 0.674920 0.768483 0.768483 0.768483
6293.453125 0.000000 1635.877563 0.000000 0.747329 0.000000 -0.664454 0.858351 0.858351 0.858351
6315.599609 0.000000 1632.681763 0.000000 0.997025 0.000000 -0.077084 0.804161 0.804161 0.804161
6310.665039 0.000000 1636.166260 0.000000 0.732215 0.000000 0.681074 0.736254 0.736254 0.736254
6305.282227 0.000000 1634.628052 0.000000 0.507972 0.000000 0.861373 0.710443 0.710443 0.710443
6143.623047 0.000000 1666.886841 0.000000 0.441773 0.000000 0.897127 0.629912 0.629912 0.629912
6146.531250 0.000000 1669.465210 0.000000 0.898541 0.000000 0.438890 0.781488 0.781488 0.781488
6151.334473 0.000000 1664.931641 0.000000 0.753809 0.000000 -0.657094 0.844247 0.844247 0.844247
6143.274902 0.000000 1670.277588 0.000000 0.972076 0.000000 -0.234665 0.810645 0.810645 0.810645
6164.216309 0.000000 1786.624390 0.000000 0.854801 0.000000 0.518956 0.742788 0.742788 0.742788
6199.890625 0.000000 1779.932251 0.000000 0.897433 0.000000 0.441150 0.730194 0.730194 0.730194
6183.571777 0.000000 1789.518799 0.000000 0.152698 0.000000 -0.988273 1.016578 1.016578 1.016578
6174.564941 0.000000 1783.511963 0.000000 0.999684 0.000000 0.025150 0.796157 0.796157 0.796157
6188.893555 0.000000 1780.033447 0.000000 0.184419 0.000000 -0.982848 1.011661 1.011661 1.011661
6203.801270 0.000000 1788.298828 0.000000 0.034849 0.000000 0.999393 0.565326 0.565326 0.565326
6193.612305 0.000000 1787.970581 0.000000 0.999429 0.000000 0.033794 0.794836 0.794836 0.794836
6156.678223 0.000000 1784.026123 0.000000 0.999992 0.000000 0.004005 0.799681 0.799681 0.799681
6171.754883 0.000000 1790.551392 0.000000 0.467695 0.000000 -0.883890 0.965641 0.965641 0.965641
6182.202148 0.000000 1779.966675 0.000000 0.703386 0.000000 0.710808 0.679198 0.679198 0.679198
6194.426270 0.000000 1782.143677 0.000000 0.732302 0.000000 0.680980 0.685546 0.685546 0.685546
6153.612305 0.000000 1789.276001 0.000000 0.959282 0.000000 0.282448 0.777867 0.777867 0.777867
6188.197266 0.000000 1785.799805 0.000000 0.900880 0.000000 -0.434069 0.868603 0.868603 0.868603
6177.501465 0.000000 1788.731201 0.000000 0.998213 0.000000 -0.059759 0.809136 0.809136 0.809136
6159.623047 0.000000 1789.719604 0.000000 0.047215 0.000000 0.998885 0.710538 0.710538 0.710538
6168.955078 0.000000 1783.369995 0.000000 0.675685 0.000000 -0.737190 0.926647 0.926647 0.926647
6185.858887 0.000000 1775.412964 0.000000 0.438038 0.000000 -0.898956 0.970723 0.970723 0.970723
6206.609375 0.000000 1783.647949 0.000000 0.976560 0.000000 -0.215247 0.806109 0.806109 0.806109
6165.020996 0.000000 1781.924194 0.000000 0.421104 0.000000 0.907012 0.748945 0.748945 0.748945
6160.626953 0.000000 1784.894287 0.000000 0.888642 0.000000 0.458602 0.743765 0.743765 0.743765
6207.344727 0.000000 1788.649780 0.000000 0.986284 0.000000 0.165055 0.774666 0.774666 0.774666
6164.216309 0.000000 1850.608765 0.000000 0.976836 0.000000 -0.213992 0.827006 0.827006 0.827006
6191.528809 0.000000 1813.505859 0.000000 0.472310 0.000000 -0.881433 0.964842 0.964842 0.964842
6166.224121 0.000000 1822.994385 0.000000 0.154612 0.000000 0.987975 0.740628 0.740628 0.740628
6171.617676 0.000000 1799.227173 0.000000 0.496154 0.000000 -0.868234 0.960678 0.960678 0.960678
6198.303711 0.000000 1792.314697 0.000000 0.955546 0.000000 -0.294843 0.845728 0.845728 0.845728
6180.455078 0.000000 1837.480103 0.000000 0.632850 0.000000 -0.774274 0.935305 0.935305 0.935305
6154.631836 0.000000 1792.349365 0.000000 0.864671 0.000000 -0.502338 0.845725 0.845725 0.845725
6194.947266 0.000000 1828.396851 0.000000 0.389534 0.000000 0.921012 0.731961 0.731961 0.731961
6160.316895 0.000000 1808.980103 0.000000 0.736786 0.000000 0.676126 0.686556 0.686556 0.686556
6151.417480 0.000000 1820.886963 0.000000 0.727410 0.000000 -0.686203 0.807250 0.807250 0.807250
6159.691406 0.000000 1836.920532 0.000000 0.788330 0.000000 -0.615253 0.901254 0.901254 0.901254
6186.235840 0.000000 1799.509155 0.000000 0.235868 0.000000 0.971785 0.596381 0.596381 0.596381
6177.039551 0.000000 1812.474487 0.000000 0.863583 0.000000 -0.504207 0.880743 0.880743 0.880743
6201.661133 0.000000 1805.088013 0.000000 0.847224 0.000000 -0.531236 0.885571 0.885571 0.885571
6180.598633 0.000000 1824.692871 0.000000 0.355882 0.000000 -0.934531 0.984407 0.984407 0.984407
6174.564941 0.000000 1847.496338 0.000000 0.979481 0.000000 0.201538 0.780059 0.780059 0.780059
6188.893555 0.000000 1844.017822 0.000000 0.147888 0.000000 0.989004 0.752275 0.752275 0.752275
6178.746094 0.000000 1792.125000 0.000000 0.333748 0.000000 0.942662 0.611991 0.611991 0.611991
6154.623047 0.000000 1829.370605 0.000000 0.447505 0.000000 0.894281 0.708482 0.708482 0.708482
6168.265625 0.000000 1813.894653 0.000000 0.289226 0.000000 -0.957261 0.959197 0.959197 0.959197
6189.139648 0.000000 1834.863037 0.000000 0.214054 0.000000 0.976822 0.592960 0.592960 0.592960
6162.889160 0.000000 1800.586060 0.000000 0.282875 0.000000 -0.959157 0.996182 0.996182 0.996182
6193.009277 0.000000 1805.044189 0.000000 0.806120 0.000000 -0.591752 0.896751 0.896751 0.896751
6184.791992 0.000000 1807.974609 0.000000 0.771122 0.000000 -0.636688 0.905454 0.905454 0.905454
6189.388184 0.000000 1821.848877 0.000000 0.998835 0.000000 0.048261 0.792623 0.792623 0.792623
6156.678223 0.000000 1848.010498 0.000000 0.993579 0.000000 0.113140 0.788315 0.788315 0.788315
6174.184082 0.000000 1819.821899 0.000000 0.999542 0.000000 0.030273 0.796535 0.796535 0.796535
6178.772949 0.000000 1802.707397 0.000000 0.994612 0.000000 0.103665 0.784133 0.784133 0.784133
6183.178223 0.000000 1817.146240 0.000000 0.997804 0.000000 -0.066241 0.810128 0.810128 0.810128
6162.875488 0.000000 1829.781738 0.000000 0.962099 0.000000 0.272700 0.771039 0.771039 0.771039
6190.800293 0.000000 1792.990601 0.000000 0.980495 0.000000 0.196546 0.769773 0.769773 0.769773
6198.622070 0.000000 1812.088745 0.000000 0.130039 0.000000 0.991509 0.579925 0.579925 0.579925
6173.966309 0.000000 1827.371216 0.000000 0.999939 0.000000 0.011033 0.799028 0.799028 0.799028
6202.915039 0.000000 1797.940063 0.000000 0.744428 0.000000 -0.667703 0.911707 0.911707 0.911707
6173.949219 0.000000 1840.229614 0.000000 0.286945 0.000000 -0.957947 0.829905 0.829905 0.829905
6196.134766 0.000000 1798.865723 0.000000 0.535783 0.000000 0.844356 0.646392 0.646392 0.646392
6183.097656 0.000000 1831.001587 0.000000 0.565855 0.000000 0.824505 0.651898 0.651898 0.651898
6196.770020 0.000000 1821.785400 0.000000 0.982727 0.000000 -0.185060 0.828439 0.828439 0.828439
6182.202148 0.000000 1843.951050 0.000000 0.496280 0.000000 0.868163 0.639344 0.639344 0.639344
6158.833496 0.000000 1824.511353 0.000000 0.709527 0.000000 -0.704678 0.882930 0.882930 0.882930
6165.978027 0.000000 1805.882202 0.000000 0.980586 0.000000 -0.196089 0.830156 0.830156 0.830156
6188.466309 0.000000 1827.952026 0.000000 0.270787 0.000000 -0.962639 0.998104 0.998104 0.998104
6172.754883 0.000000 1793.286133 0.000000 0.328065 0.000000 -0.944655 0.988930 0.988930 0.988930
6159.843262 0.000000 1795.317261 0.000000 0.925559 0.000000 -0.378604 0.859326 0.859326 0.859326
6161.331543 0.000000 1844.006714 0.000000 0.731892 0.000000 -0.681421 0.841776 0.841776 0.841776
6184.685547 0.000000 1793.633667 0.000000 0.611635 0.000000 -0.791140 0.939446 0.939446 0.939446
6176.917969 0.000000 1832.431030 0.000000 0.518153 0.000000 -0.855288 0.956777 0.956777 0.956777
6177.501465 0.000000 1852.715576 0.000000 0.995777 0.000000 0.091800 0.794382 0.794382 0.794382
6204.897949 0.000000 1792.369019 0.000000 0.812086 0.000000 0.583537 0.704801 0.704801 0.704801
6159.623047 0.000000 1853.703979 0.000000 0.508760 0.000000 0.860909 0.685046 0.685046 0.685046
6168.955078 0.000000 1847.354370 0.000000 0.899099 0.000000 0.437746 0.747333 0.747333 0.747333
6185.858887 0.000000 1839.397339 0.000000 0.994493 0.000000 0.104801 0.783958 0.783958 0.783958
6166.731934 0.000000 1796.865479 0.000000 0.957147 0.000000 -0.289604 0.820597 0.820597 0.820597
6164.752930 0.000000 1817.826660 0.000000 0.903348 0.000000 0.428909 0.755910 0.755910 0.755910
6168.657715 0.000000 1828.293213 0.000000 0.713062 0.000000 0.701101 0.720396 0.720396 0.720396
6157.989746 0.000000 1802.727539 0.000000 0.473218 0.000000 0.880946 0.737355 0.737355 0.737355
6154.422363 0.000000 1816.633667 0.000000 0.958230 0.000000 -0.285997 0.815293 0.815293 0.815293
6181.234375 0.000000 1848.987305 0.000000 0.396844 0.000000 -0.917886 0.862700 0.862700 0.862700
6157.233887 0.000000 1841.222046 0.000000 0.306845 0.000000 -0.951759 0.935021 0.935021 0.935021
6151.416992 0.000000 1825.745850 0.000000 0.791231 0.000000 -0.611517 0.826414 0.826414 0.826414
6156.848633 0.000000 1812.345947 0.000000 0.346024 0.000000 0.938226 0.756232 0.756232 0.756232
6155.353516 0.000000 1797.168823 0.000000 0.256349 0.000000 -0.966584 0.831434 0.831434 0.831434
6169.439941 0.000000 1819.401855 0.000000 0.841164 0.000000 0.540780 0.725369 0.725369 0.725369
6172.820312 0.000000 1815.195679 0.000000 0.840775 0.000000 0.541384 0.728017 0.728017 0.728017
6167.539551 0.000000 1801.486084 0.000000 0.934741 0.000000 -0.355330 0.847232 0.847232 0.847232
6177.683594 0.000000 1843.557373 0.000000 0.686052 0.000000 -0.727552 0.905934 0.905934 0.905934
6155.856445 0.000000 1821.196289 0.000000 0.738333 0.000000 0.674436 0.703759 0.703759 0.703759
6173.977051 0.000000 1835.756592 0.000000 0.260363 0.000000 0.965511 0.724798 0.724798 0.724798
6168.535645 0.000000 1809.514893 0.000000 0.701547 0.000000 0.712623 0.702567 0.702567 0.702567
6155.309082 0.000000 1837.216553 0.000000 0.609680 0.000000 -0.792647 0.838383 0.838383 0.838383
6171.918945 0.000000 1843.972168 0.000000 0.217338 0.000000 0.976096 0.721439 0.721439 0.721439
6168.446289 0.000000 1851.647217 0.000000 0.998625 0.000000 0.052419 0.795695 0.795695 0.795695
6162.798828 0.000000 1825.689575 0.000000 0.961451 0.000000 0.274976 0.765784 0.765784 0.765784
6166.259277 0.000000 1832.101807 0.000000 0.858669 0.000000 0.512531 0.765500 0.765500 0.765500
6168.708496 0.000000 1793.224976 0.000000 0.990972 0.000000 -0.134071 0.811119 0.811119 0.811119
6160.626953 0.000000 1848.878662 0.000000 0.267157 0.000000 0.963653 0.701050 0.701050 0.701050
6160.780273 0.000000 1791.568237 0.000000 0.814463 0.000000 0.580216 0.726936 0.726936 0.726936
6171.960938 0.000000 1850.259399 0.000000 0.833547 0.000000 -0.552449 0.852604 0.852604 0.852604
6154.851074 0.000000 1833.143311 0.000000 0.705868 0.000000 -0.708343 0.833015 0.833015 0.833015
6173.346191 0.000000 1831.135010 0.000000 0.977799 0.000000 -0.209546 0.816064 0.816064 0.816064
6198.868164 0.000000 1818.721191 0.000000 0.637494 0.000000 0.770456 0.725165 0.725165 0.725165
6155.758789 0.000000 1844.452026 0.000000 0.993989 0.000000 -0.109484 0.807165 0.807165 0.807165
6170.579102 0.000000 1803.455078 0.000000 0.198431 0.000000 0.980115 0.717030 0.717030 0.717030
6163.614258 0.000000 1795.193115 0.000000 0.643302 0.000000 0.765613 0.699685 0.699685 0.699685
6156.871582 0.000000 1851.582520 0.000000 0.997397 0.000000 -0.072102 0.807653 0.807653 0.807653
6158.406250 0.000000 1806.191895 0.000000 0.220395 0.000000 0.975411 0.681220 0.681220 0.681220
6170.196289 0.000000 1841.063721 0.000000 0.999641 0.000000 0.026779 0.797288 0.797288 0.797288
6162.723633 0.000000 1853.408081 0.000000 0.599374 0.000000 -0.800469 0.893977 0.893977 0.893977
6166.238281 0.000000 1811.600098 0.000000 0.310929 0.000000 -0.950433 0.933057 0.933057 0.933057
6167.770020 0.000000 1816.876587 0.000000 0.428094 0.000000 0.903734 0.707372 0.707372 0.707372
6164.039062 0.000000 1842.730591 0.000000 0.700743 0.000000 0.713414 0.720515 0.720515 0.720515
6174.769531 0.000000 1844.527100 0.000000 0.956172 0.000000 0.292807 0.780949 0.780949 0.780949
6168.080078 0.000000 1825.233643 0.000000 0.271297 0.000000 -0.962496 0.925026 0.925026 0.925026
6165.495605 0.000000 1814.764282 0.000000 0.320219 0.000000 -0.947343 0.899947 0.899947 0.899947
6169.054199 0.000000 1806.096069 0.000000 0.304174 0.000000 -0.952616 0.889207 0.889207 0.889207
6173.643066 0.000000 1822.882935 0.000000 0.660998 0.000000 0.750387 0.720168 0.720168 0.720168
6156.949707 0.000000 1854.426636 0.000000 0.638562 0.000000 0.769571 0.718443 0.718443 0.718443
6153.049805 0.000000 1822.976562 0.000000 0.957303 0.000000 -0.289087 0.825128 0.825128 0.825128
6172.426758 0.000000 1837.866089 0.000000 0.980906 0.000000 -0.194484 0.814191 0.814191 0.814191
6207.615234 0.000000 1794.855591 0.000000 0.415765 0.000000 -0.909472 0.974487 0.974487 0.974487
6154.631836 0.000000 1856.333740 0.000000 0.588375 0.000000 0.808588 0.779122 0.779122 0.779122
6164.824707 0.000000 1855.900879 0.000000 0.083478 0.000000 0.996510 0.608413 0.608413 0.608413
6162.889160 0.000000 1864.570435 0.000000 0.496643 0.000000 -0.867955 0.820153 0.820153 0.820153
6172.754883 0.000000 1857.270508 0.000000 0.860355 0.000000 0.509695 0.769877 0.769877 0.769877
6166.731934 0.000000 1860.849854 0.000000 0.730359 0.000000 -0.683063 0.872538 0.872538 0.872538
6168.708496 0.000000 1857.209351 0.000000 0.952836 0.000000 -0.303487 0.838798 0.838798 0.838798
6160.780273 0.000000 1855.552612 0.000000 0.513527 0.000000 0.858073 0.706057 0.706057 0.706057
6159.292480 0.000000 1863.102783 0.000000 0.731670 0.000000 -0.681659 0.848535 0.848535 0.848535
6157.657715 0.000000 1857.114868 0.000000 0.863092 0.000000 0.505046 0.743852 0.743852 0.743852
6157.798340 0.000000 1860.808350 0.000000 0.738918 0.000000 0.673796 0.741969 0.741969 0.741969
"}
