object={
	name="tree_pine_01_b_generator_1_0"
	clamp_to_water_level=no
	render_under_water=no
	generated_content=yes
	layer="tree_high_layer"
	pdxmesh="tree_pine_01_b_mesh"
	count=236
	transform="4967.720215 0.000000 2557.331299 0.000000 0.931098 0.000000 -0.364768 0.400000 0.400000 0.400000
4958.713379 0.000000 2551.324463 0.000000 0.827531 0.000000 0.561420 0.400000 0.400000 0.400000
4955.903320 0.000000 2558.364014 0.000000 0.785003 0.000000 0.619492 0.400000 0.400000 0.400000
4961.649902 0.000000 2556.543701 0.000000 0.248570 0.000000 -0.968614 0.400000 0.400000 0.400000
4965.382812 0.000000 2552.815430 0.000000 0.850032 0.000000 0.526731 0.400000 0.400000 0.400000
4971.939941 0.000000 2558.156006 0.000000 0.534049 0.000000 -0.845453 0.400000 0.400000 0.400000
4956.109375 0.000000 2554.087402 0.000000 0.980044 0.000000 -0.198783 0.400000 0.400000 0.400000
4968.640625 0.000000 2554.322998 0.000000 0.202802 0.000000 -0.979220 0.400000 0.400000 0.400000
4958.259277 0.000000 2556.360352 0.000000 0.843762 0.000000 0.536718 0.400000 0.400000 0.400000
4964.732422 0.000000 2556.820312 0.000000 0.775692 0.000000 -0.631112 0.400000 0.400000 0.400000
4847.692871 0.000000 2581.318359 0.000000 0.402228 0.000000 0.915539 0.400000 0.400000 0.400000
4856.054688 0.000000 2611.729248 0.000000 0.976917 0.000000 0.213621 0.400000 0.400000 0.400000
4851.111328 0.000000 2596.209473 0.000000 0.566448 0.000000 -0.824098 0.400000 0.400000 0.400000
4857.825195 0.000000 2572.900391 0.000000 0.805362 0.000000 -0.592784 0.400000 0.400000 0.400000
4836.762695 0.000000 2592.505371 0.000000 0.991495 0.000000 0.130147 0.400000 0.400000 0.400000
4858.684082 0.000000 2585.968018 0.000000 0.916012 0.000000 -0.401151 0.400000 0.400000 0.400000
4859.872070 0.000000 2603.184570 0.000000 0.244933 0.000000 0.969540 0.400000 0.400000 0.400000
4845.303711 0.000000 2602.675537 0.000000 0.730189 0.000000 0.683245 0.400000 0.400000 0.400000
4849.173340 0.000000 2572.856689 0.000000 0.988818 0.000000 0.149127 0.400000 0.400000 0.400000
4845.552246 0.000000 2589.661377 0.000000 0.551942 0.000000 0.833882 0.400000 0.400000 0.400000
4839.342285 0.000000 2584.958740 0.000000 0.999996 0.000000 -0.002734 0.400000 0.400000 0.400000
4860.684570 0.000000 2595.526855 0.000000 0.973346 0.000000 0.229341 0.400000 0.400000 0.400000
4852.087891 0.000000 2605.694336 0.000000 0.656817 0.000000 -0.754050 0.400000 0.400000 0.400000
4854.786133 0.000000 2579.901367 0.000000 0.021251 0.000000 -0.999774 0.400000 0.400000 0.400000
4839.261719 0.000000 2598.814209 0.000000 0.622656 0.000000 0.782495 0.400000 0.400000 0.400000
4852.934082 0.000000 2589.597900 0.000000 0.689758 0.000000 0.724040 0.400000 0.400000 0.400000
4844.630371 0.000000 2595.764648 0.000000 0.125872 0.000000 0.992046 0.400000 0.400000 0.400000
4860.844238 0.000000 2580.198730 0.000000 0.215933 0.000000 0.976408 0.400000 0.400000 0.400000
4861.581543 0.000000 2610.461182 0.000000 0.055739 0.000000 0.998445 0.400000 0.400000 0.400000
4856.108398 0.000000 2598.971191 0.000000 0.862930 0.000000 0.505323 0.400000 0.400000 0.400000
4851.866211 0.000000 2584.477539 0.000000 0.995875 0.000000 0.090736 0.400000 0.400000 0.400000
4842.622070 0.000000 2581.154785 0.000000 0.911358 0.000000 -0.411616 0.400000 0.400000 0.400000
4857.717773 0.000000 2591.364014 0.000000 0.472735 0.000000 -0.881205 0.400000 0.400000 0.400000
4862.773438 0.000000 2615.444824 0.000000 0.748778 0.000000 0.662821 0.400000 0.400000 0.400000
4845.987305 0.000000 2576.705811 0.000000 0.302268 0.000000 -0.953223 0.400000 0.400000 0.400000
4847.657227 0.000000 2607.573975 0.000000 0.461469 0.000000 -0.887156 0.400000 0.400000 0.400000
4857.083984 0.000000 2607.069824 0.000000 0.228423 0.000000 0.973562 0.400000 0.400000 0.400000
4853.526855 0.000000 2575.156006 0.000000 0.964881 0.000000 0.262689 0.400000 0.400000 0.400000
4840.573242 0.000000 2589.529785 0.000000 0.841994 0.000000 0.539487 0.400000 0.400000 0.400000
4851.285156 0.000000 2601.081543 0.000000 0.037221 0.000000 -0.999307 0.400000 0.400000 0.400000
4844.835449 0.000000 2585.245117 0.000000 0.921796 0.000000 -0.387675 0.400000 0.400000 0.400000
4849.315918 0.000000 2592.061035 0.000000 0.916159 0.000000 -0.400815 0.400000 0.400000 0.400000
4840.773438 0.000000 2602.898682 0.000000 0.983727 0.000000 -0.179667 0.400000 0.400000 0.400000
4863.003418 0.000000 2606.225342 0.000000 0.649526 0.000000 0.760339 0.400000 0.400000 0.400000
4861.195801 0.000000 2575.841064 0.000000 0.628388 0.000000 0.777900 0.400000 0.400000 0.400000
4854.110352 0.000000 2570.638916 0.000000 0.372844 0.000000 0.927894 0.400000 0.400000 0.400000
4861.430176 0.000000 2589.276367 0.000000 0.981266 0.000000 -0.192658 0.400000 0.400000 0.400000
4850.468750 0.000000 2578.104492 0.000000 0.768368 0.000000 0.640009 0.400000 0.400000 0.400000
4840.828125 0.000000 2593.808105 0.000000 0.911498 0.000000 0.411303 0.400000 0.400000 0.400000
4858.598633 0.000000 2614.936279 0.000000 0.991669 0.000000 0.128809 0.400000 0.400000 0.400000
4847.588379 0.000000 2598.823730 0.000000 0.755035 0.000000 -0.655684 0.400000 0.400000 0.400000
4855.191895 0.000000 2594.666260 0.000000 0.642993 0.000000 -0.765872 0.400000 0.400000 0.400000
4851.923340 0.000000 2609.920654 0.000000 0.961436 0.000000 -0.275029 0.400000 0.400000 0.400000
4861.724609 0.000000 2599.520264 0.000000 0.041501 0.000000 0.999138 0.400000 0.400000 0.400000
4836.701172 0.000000 2588.414795 0.000000 0.959216 0.000000 0.282674 0.400000 0.400000 0.400000
4855.702637 0.000000 2603.133057 0.000000 0.183287 0.000000 0.983059 0.400000 0.400000 0.400000
4857.517578 0.000000 2577.166504 0.000000 0.946707 0.000000 -0.322096 0.400000 0.400000 0.400000
4843.216309 0.000000 2599.453613 0.000000 0.874998 0.000000 0.484126 0.400000 0.400000 0.400000
4857.771973 0.000000 2582.315674 0.000000 0.489508 0.000000 -0.871999 0.400000 0.400000 0.400000
4848.843262 0.000000 2603.880615 0.000000 0.577885 0.000000 -0.816118 0.400000 0.400000 0.400000
4855.032227 0.000000 2586.533691 0.000000 0.876926 0.000000 0.480625 0.400000 0.400000 0.400000
4847.936035 0.000000 2595.215332 0.000000 0.901175 0.000000 -0.433456 0.400000 0.400000 0.400000
4851.627441 0.000000 2581.104248 0.000000 0.981496 0.000000 0.191482 0.400000 0.400000 0.400000
4844.801758 0.000000 2605.769043 0.000000 0.489169 0.000000 0.872189 0.400000 0.400000 0.400000
4861.001465 0.000000 2592.457275 0.000000 0.938954 0.000000 0.344042 0.400000 0.400000 0.400000
4860.306152 0.000000 2607.698730 0.000000 0.222976 0.000000 -0.974824 0.400000 0.400000 0.400000
4858.394531 0.000000 2569.928223 0.000000 0.308993 0.000000 0.951064 0.400000 0.400000 0.400000
4853.048828 0.000000 2598.627686 0.000000 0.767850 0.000000 0.640630 0.400000 0.400000 0.400000
4841.991699 0.000000 2586.811279 0.000000 0.937782 0.000000 -0.347224 0.400000 0.400000 0.400000
4858.561523 0.000000 2610.101318 0.000000 0.997122 0.000000 -0.075817 0.400000 0.400000 0.400000
4854.173340 0.000000 2607.899902 0.000000 0.570917 0.000000 0.821007 0.400000 0.400000 0.400000
4841.832031 0.000000 2596.708984 0.000000 0.611005 0.000000 -0.791627 0.400000 0.400000 0.400000
4854.939941 0.000000 2591.780518 0.000000 0.824672 0.000000 0.565612 0.400000 0.400000 0.400000
4863.034180 0.000000 2603.084717 0.000000 0.746388 0.000000 -0.665511 0.400000 0.400000 0.400000
4842.321289 0.000000 2583.991943 0.000000 0.617299 0.000000 -0.786728 0.400000 0.400000 0.400000
4858.036133 0.000000 2594.568604 0.000000 0.930846 0.000000 -0.365411 0.400000 0.400000 0.400000
4850.283203 0.000000 2607.623779 0.000000 0.764666 0.000000 0.644427 0.400000 0.400000 0.400000
4864.908691 0.000000 2575.231445 0.000000 0.839862 0.000000 0.542800 0.400000 0.400000 0.400000
4911.685059 0.000000 2581.318359 0.000000 0.991555 0.000000 0.129688 0.400000 0.400000 0.400000
4865.382324 0.000000 2602.386475 0.000000 0.985194 0.000000 -0.171446 0.400000 0.400000 0.400000
4900.611328 0.000000 2605.292725 0.000000 0.531723 0.000000 -0.846918 0.400000 0.400000 0.400000
4868.968262 0.000000 2617.930908 0.000000 0.863067 0.000000 -0.505090 0.400000 0.400000 0.400000
4871.573730 0.000000 2588.699463 0.000000 0.400911 0.000000 0.916117 0.400000 0.400000 0.400000
4906.392090 0.000000 2567.321533 0.000000 0.581060 0.000000 -0.813860 0.400000 0.400000 0.400000
4897.195801 0.000000 2580.286865 0.000000 0.845555 0.000000 -0.533889 0.400000 0.400000 0.400000
4921.817383 0.000000 2572.900391 0.000000 0.588784 0.000000 -0.808291 0.400000 0.400000 0.400000
4900.754883 0.000000 2592.505371 0.000000 0.787465 0.000000 0.616360 0.400000 0.400000 0.400000
4922.676270 0.000000 2585.968018 0.000000 0.313271 0.000000 0.949664 0.400000 0.400000 0.400000
4871.967773 0.000000 2609.243164 0.000000 0.826989 0.000000 -0.562218 0.400000 0.400000 0.400000
4863.637207 0.000000 2584.253662 0.000000 0.672653 0.000000 0.739959 0.400000 0.400000 0.400000
4864.120605 0.000000 2593.540771 0.000000 0.206441 0.000000 0.978459 0.400000 0.400000 0.400000
4913.165527 0.000000 2572.856689 0.000000 0.991506 0.000000 -0.130059 0.400000 0.400000 0.400000
4904.948242 0.000000 2575.787109 0.000000 0.551423 0.000000 0.834226 0.400000 0.400000 0.400000
4909.544434 0.000000 2589.661377 0.000000 0.293636 0.000000 0.955917 0.400000 0.400000 0.400000
4863.907715 0.000000 2610.491699 0.000000 0.119619 0.000000 -0.992820 0.400000 0.400000 0.400000
4903.334473 0.000000 2584.958740 0.000000 0.746147 0.000000 -0.665782 0.400000 0.400000 0.400000
4918.778320 0.000000 2579.901367 0.000000 0.711202 0.000000 -0.702988 0.400000 0.400000 0.400000
4894.122559 0.000000 2595.183838 0.000000 0.590077 0.000000 -0.807347 0.400000 0.400000 0.400000
4923.071289 0.000000 2565.752441 0.000000 0.062396 0.000000 -0.998051 0.400000 0.400000 0.400000
4916.291016 0.000000 2566.678223 0.000000 0.950144 0.000000 0.311812 0.400000 0.400000 0.400000
4903.253906 0.000000 2598.814209 0.000000 0.698880 0.000000 0.715239 0.400000 0.400000 0.400000
4916.926270 0.000000 2589.597900 0.000000 0.432114 0.000000 -0.901819 0.400000 0.400000 0.400000
4902.358398 0.000000 2611.763428 0.000000 0.028394 0.000000 -0.999597 0.400000 0.400000 0.400000
4871.663574 0.000000 2602.867432 0.000000 0.457010 0.000000 0.889462 0.400000 0.400000 0.400000
4908.622559 0.000000 2595.764648 0.000000 0.297814 0.000000 0.954624 0.400000 0.400000 0.400000
4924.836426 0.000000 2580.198730 0.000000 0.918479 0.000000 -0.395469 0.400000 0.400000 0.400000
4897.074219 0.000000 2600.243652 0.000000 0.017439 0.000000 -0.999848 0.400000 0.400000 0.400000
4868.659668 0.000000 2597.407227 0.000000 0.418428 0.000000 -0.908250 0.400000 0.400000 0.400000
4915.858398 0.000000 2584.477539 0.000000 0.095659 0.000000 0.995414 0.400000 0.400000 0.400000
4868.767578 0.000000 2583.701416 0.000000 0.868192 0.000000 0.496228 0.400000 0.400000 0.400000
4921.709961 0.000000 2591.364014 0.000000 0.936963 0.000000 -0.349429 0.400000 0.400000 0.400000
4911.259766 0.000000 2568.249268 0.000000 0.176471 0.000000 0.984306 0.400000 0.400000 0.400000
4868.318359 0.000000 2612.795898 0.000000 0.981883 0.000000 0.189489 0.400000 0.400000 0.400000
4867.664062 0.000000 2606.736084 0.000000 0.175336 0.000000 -0.984509 0.400000 0.400000 0.400000
4899.695801 0.000000 2575.925049 0.000000 0.870704 0.000000 0.491807 0.400000 0.400000 0.400000
4908.040039 0.000000 2572.033447 0.000000 0.989797 0.000000 0.142487 0.400000 0.400000 0.400000
4871.573242 0.000000 2593.558350 0.000000 0.316206 0.000000 0.948691 0.400000 0.400000 0.400000
4898.501465 0.000000 2584.984131 0.000000 0.738488 0.000000 -0.674266 0.400000 0.400000 0.400000
4865.751465 0.000000 2579.953369 0.000000 0.714994 0.000000 -0.699131 0.400000 0.400000 0.400000
4917.519043 0.000000 2575.156006 0.000000 0.990765 0.000000 -0.135592 0.400000 0.400000 0.400000
4904.565430 0.000000 2589.529785 0.000000 0.691065 0.000000 0.722793 0.400000 0.400000 0.400000
4863.440918 0.000000 2598.176270 0.000000 0.310397 0.000000 0.950607 0.400000 0.400000 0.400000
4901.893066 0.000000 2580.048584 0.000000 0.770012 0.000000 -0.638029 0.400000 0.400000 0.400000
4925.420898 0.000000 2569.642822 0.000000 0.963539 0.000000 -0.267569 0.400000 0.400000 0.400000
4864.706543 0.000000 2615.920898 0.000000 0.750442 0.000000 0.660937 0.400000 0.400000 0.400000
4903.641602 0.000000 2571.409912 0.000000 0.999084 0.000000 -0.042801 0.400000 0.400000 0.400000
4908.827637 0.000000 2585.245117 0.000000 0.856001 0.000000 0.516973 0.400000 0.400000 0.400000
4913.308105 0.000000 2592.061035 0.000000 0.599753 0.000000 0.800185 0.400000 0.400000 0.400000
4904.765625 0.000000 2602.898682 0.000000 0.650130 0.000000 -0.759823 0.400000 0.400000 0.400000
4925.187988 0.000000 2575.841064 0.000000 0.996852 0.000000 0.079280 0.400000 0.400000 0.400000
4918.102539 0.000000 2570.638916 0.000000 0.432659 0.000000 -0.901558 0.400000 0.400000 0.400000
4925.422363 0.000000 2589.276367 0.000000 0.958618 0.000000 0.284697 0.400000 0.400000 0.400000
4896.493164 0.000000 2591.634277 0.000000 0.797860 0.000000 0.602843 0.400000 0.400000 0.400000
4914.460938 0.000000 2578.104492 0.000000 0.203243 0.000000 -0.979128 0.400000 0.400000 0.400000
4899.420410 0.000000 2596.515625 0.000000 0.110173 0.000000 0.993912 0.400000 0.400000 0.400000
4900.693359 0.000000 2588.414795 0.000000 0.399845 0.000000 -0.916583 0.400000 0.400000 0.400000
4913.105957 0.000000 2587.758545 0.000000 0.538282 0.000000 -0.842765 0.400000 0.400000 0.400000
4921.509766 0.000000 2577.166504 0.000000 0.533283 0.000000 -0.845937 0.400000 0.400000 0.400000
4863.614258 0.000000 2605.810303 0.000000 0.381799 0.000000 -0.924245 0.400000 0.400000 0.400000
4919.024414 0.000000 2586.533691 0.000000 0.261636 0.000000 -0.965167 0.400000 0.400000 0.400000
4926.065918 0.000000 2583.690674 0.000000 0.917828 0.000000 -0.396979 0.400000 0.400000 0.400000
4900.688965 0.000000 2601.654297 0.000000 0.671458 0.000000 -0.741043 0.400000 0.400000 0.400000
4919.914062 0.000000 2567.568359 0.000000 0.647612 0.000000 0.761970 0.400000 0.400000 0.400000
4868.675293 0.000000 2601.049316 0.000000 0.682944 0.000000 0.730471 0.400000 0.400000 0.400000
4902.636719 0.000000 2608.072998 0.000000 0.227388 0.000000 -0.973804 0.400000 0.400000 0.400000
4914.415527 0.000000 2569.546875 0.000000 0.511826 0.000000 -0.859089 0.400000 0.400000 0.400000
4870.989746 0.000000 2606.023438 0.000000 0.712966 0.000000 0.701198 0.400000 0.400000 0.400000
4907.771484 0.000000 2592.447266 0.000000 0.474108 0.000000 -0.880467 0.400000 0.400000 0.400000
4915.619629 0.000000 2581.104248 0.000000 0.882645 0.000000 -0.470040 0.400000 0.400000 0.400000
4897.415039 0.000000 2588.541992 0.000000 0.853125 0.000000 0.521707 0.400000 0.400000 0.400000
4911.946777 0.000000 2584.531494 0.000000 0.355130 0.000000 0.934817 0.400000 0.400000 0.400000
4863.481445 0.000000 2590.450439 0.000000 0.998300 0.000000 0.058281 0.400000 0.400000 0.400000
4871.408691 0.000000 2585.496826 0.000000 0.097142 0.000000 0.995271 0.400000 0.400000 0.400000
4868.815430 0.000000 2609.668213 0.000000 0.973969 0.000000 -0.226681 0.400000 0.400000 0.400000
4865.869141 0.000000 2596.072021 0.000000 0.279424 0.000000 0.960168 0.400000 0.400000 0.400000
4922.386719 0.000000 2569.928223 0.000000 0.935887 0.000000 0.352301 0.400000 0.400000 0.400000
4863.478027 0.000000 2577.952393 0.000000 0.540774 0.000000 -0.841168 0.400000 0.400000 0.400000
4866.214844 0.000000 2599.317139 0.000000 0.724231 0.000000 -0.689557 0.400000 0.400000 0.400000
4901.026855 0.000000 2582.973389 0.000000 0.805716 0.000000 0.592302 0.400000 0.400000 0.400000
4905.824219 0.000000 2596.708984 0.000000 0.038109 0.000000 -0.999274 0.400000 0.400000 0.400000
4902.836914 0.000000 2595.931885 0.000000 0.349539 0.000000 -0.936922 0.400000 0.400000 0.400000
4921.129883 0.000000 2588.548340 0.000000 0.999085 0.000000 -0.042758 0.400000 0.400000 0.400000
4897.454102 0.000000 2594.393555 0.000000 0.992919 0.000000 0.118794 0.400000 0.400000 0.400000
4910.876953 0.000000 2571.149902 0.000000 0.680915 0.000000 -0.732362 0.400000 0.400000 0.400000
4868.091309 0.000000 2603.895996 0.000000 0.768235 0.000000 0.640168 0.400000 0.400000 0.400000
4865.041016 0.000000 2613.094727 0.000000 0.493103 0.000000 0.869971 0.400000 0.400000 0.400000
4902.378906 0.000000 2577.223877 0.000000 0.822242 0.000000 0.569139 0.400000 0.400000 0.400000
4927.386230 0.000000 2581.244385 0.000000 0.504075 0.000000 0.863660 0.400000 0.400000 0.400000
4928.900879 0.000000 2575.231445 0.000000 0.748377 0.000000 0.663274 0.400000 0.400000 0.400000
4955.766113 0.000000 2567.039795 0.000000 0.979833 0.000000 -0.199817 0.400000 0.400000 0.400000
4944.465332 0.000000 2576.792480 0.000000 0.108872 0.000000 0.994056 0.400000 0.400000 0.400000
4935.565918 0.000000 2588.699463 0.000000 0.396491 0.000000 0.918039 0.400000 0.400000 0.400000
4970.384277 0.000000 2567.321533 0.000000 0.580999 0.000000 -0.813904 0.400000 0.400000 0.400000
4962.894531 0.000000 2559.937500 0.000000 0.996964 0.000000 -0.077868 0.400000 0.400000 0.400000
4937.074219 0.000000 2569.620361 0.000000 0.924362 0.000000 0.381517 0.400000 0.400000 0.400000
4948.973145 0.000000 2559.729004 0.000000 0.558988 0.000000 0.829175 0.400000 0.400000 0.400000
4927.629395 0.000000 2584.253662 0.000000 0.860744 0.000000 0.509038 0.400000 0.400000 0.400000
4952.414062 0.000000 2581.707275 0.000000 0.903474 0.000000 -0.428643 0.400000 0.400000 0.400000
4947.037598 0.000000 2568.398682 0.000000 0.999817 0.000000 0.019116 0.400000 0.400000 0.400000
4936.200195 0.000000 2579.703125 0.000000 0.981015 0.000000 0.193931 0.400000 0.400000 0.400000
4962.921387 0.000000 2570.519775 0.000000 0.347554 0.000000 -0.937660 0.400000 0.400000 0.400000
4956.171387 0.000000 2574.685791 0.000000 0.897420 0.000000 0.441177 0.400000 0.400000 0.400000
4974.948730 0.000000 2560.803223 0.000000 0.645527 0.000000 -0.763737 0.400000 0.400000 0.400000
4929.716309 0.000000 2568.836914 0.000000 0.614843 0.000000 0.788650 0.400000 0.400000 0.400000
4950.126465 0.000000 2573.694824 0.000000 0.866218 0.000000 -0.499667 0.400000 0.400000 0.400000
4956.903320 0.000000 2561.098633 0.000000 0.505385 0.000000 -0.862894 0.400000 0.400000 0.400000
4934.187012 0.000000 2564.062500 0.000000 0.941578 0.000000 0.336794 0.400000 0.400000 0.400000
4943.991699 0.000000 2563.129639 0.000000 0.543595 0.000000 -0.839347 0.400000 0.400000 0.400000
4968.833984 0.000000 2561.446289 0.000000 0.678267 0.000000 0.734816 0.400000 0.400000 0.400000
4939.256836 0.000000 2574.803711 0.000000 0.804919 0.000000 0.593385 0.400000 0.400000 0.400000
4964.826172 0.000000 2565.119141 0.000000 0.621970 0.000000 0.783041 0.400000 0.400000 0.400000
4950.880371 0.000000 2564.677979 0.000000 0.922524 0.000000 -0.385939 0.400000 0.400000 0.400000
4932.759766 0.000000 2583.701416 0.000000 0.991329 0.000000 -0.131404 0.400000 0.400000 0.400000
4942.138184 0.000000 2570.540039 0.000000 0.120233 0.000000 -0.992746 0.400000 0.400000 0.400000
4938.570801 0.000000 2584.446045 0.000000 0.996866 0.000000 -0.079107 0.400000 0.400000 0.400000
4934.223633 0.000000 2574.278564 0.000000 0.364984 0.000000 -0.931014 0.400000 0.400000 0.400000
4930.161133 0.000000 2588.917236 0.000000 0.966962 0.000000 -0.254919 0.400000 0.400000 0.400000
4947.274902 0.000000 2580.853760 0.000000 0.943378 0.000000 -0.331720 0.400000 0.400000 0.400000
4939.501953 0.000000 2564.981201 0.000000 0.962843 0.000000 -0.270063 0.400000 0.400000 0.400000
4929.743652 0.000000 2579.953369 0.000000 0.899497 0.000000 -0.436927 0.400000 0.400000 0.400000
4951.687988 0.000000 2569.298584 0.000000 0.712775 0.000000 0.701393 0.400000 0.400000 0.400000
4958.476074 0.000000 2570.787354 0.000000 0.844926 0.000000 -0.534883 0.400000 0.400000 0.400000
4952.684082 0.000000 2577.327393 0.000000 0.982560 0.000000 -0.185943 0.400000 0.400000 0.400000
4945.773438 0.000000 2572.683105 0.000000 0.709391 0.000000 -0.704815 0.400000 0.400000 0.400000
4957.024414 0.000000 2578.789062 0.000000 0.754962 0.000000 0.655769 0.400000 0.400000 0.400000
4952.856934 0.000000 2561.037598 0.000000 0.820210 0.000000 -0.572062 0.400000 0.400000 0.400000
4960.061523 0.000000 2574.778564 0.000000 0.759993 0.000000 0.649931 0.400000 0.400000 0.400000
4933.386719 0.000000 2570.547119 0.000000 0.882787 0.000000 -0.469774 0.400000 0.400000 0.400000
4943.440918 0.000000 2566.930908 0.000000 0.103130 0.000000 0.994668 0.400000 0.400000 0.400000
4948.179199 0.000000 2577.218506 0.000000 0.709502 0.000000 -0.704704 0.400000 0.400000 0.400000
4930.679688 0.000000 2565.246338 0.000000 0.198586 0.000000 -0.980083 0.400000 0.400000 0.400000
4932.887207 0.000000 2577.697266 0.000000 0.268781 0.000000 -0.963201 0.400000 0.400000 0.400000
4927.519531 0.000000 2571.862549 0.000000 0.385347 0.000000 -0.922772 0.400000 0.400000 0.400000
4954.727539 0.000000 2571.267578 0.000000 0.865610 0.000000 0.500719 0.400000 0.400000 0.400000
4947.762695 0.000000 2563.005615 0.000000 0.926545 0.000000 -0.376184 0.400000 0.400000 0.400000
4966.272949 0.000000 2568.235352 0.000000 0.669044 0.000000 0.743223 0.400000 0.400000 0.400000
4971.714844 0.000000 2559.527832 0.000000 0.772312 0.000000 0.635244 0.400000 0.400000 0.400000
4933.286621 0.000000 2567.270264 0.000000 0.315964 0.000000 0.948771 0.400000 0.400000 0.400000
4968.067383 0.000000 2564.664307 0.000000 0.175622 0.000000 0.984458 0.400000 0.400000 0.400000
4942.554688 0.000000 2574.004395 0.000000 0.022823 0.000000 -0.999740 0.400000 0.400000 0.400000
4930.744141 0.000000 2572.437744 0.000000 0.817389 0.000000 0.576086 0.400000 0.400000 0.400000
4936.619629 0.000000 2566.274902 0.000000 0.488893 0.000000 -0.872344 0.400000 0.400000 0.400000
4936.545898 0.000000 2576.572998 0.000000 0.933315 0.000000 -0.359059 0.400000 0.400000 0.400000
4930.363281 0.000000 2585.792969 0.000000 0.583394 0.000000 -0.812190 0.400000 0.400000 0.400000
4964.988281 0.000000 2573.107422 0.000000 0.674710 0.000000 0.738083 0.400000 0.400000 0.400000
4935.400879 0.000000 2585.496826 0.000000 0.991282 0.000000 -0.131759 0.400000 0.400000 0.400000
4962.597168 0.000000 2567.261230 0.000000 0.031955 0.000000 -0.999489 0.400000 0.400000 0.400000
4939.884766 0.000000 2568.242432 0.000000 0.996874 0.000000 0.079010 0.400000 0.400000 0.400000
4927.470215 0.000000 2577.952393 0.000000 0.572656 0.000000 -0.819796 0.400000 0.400000 0.400000
4932.845215 0.000000 2587.479980 0.000000 0.950044 0.000000 -0.312117 0.400000 0.400000 0.400000
4939.277832 0.000000 2571.659424 0.000000 0.538169 0.000000 0.842837 0.400000 0.400000 0.400000
4927.448730 0.000000 2587.358643 0.000000 0.882359 0.000000 -0.470576 0.400000 0.400000 0.400000
4946.139160 0.000000 2565.417969 0.000000 0.325054 0.000000 0.945695 0.400000 0.400000 0.400000
4936.540039 0.000000 2572.467041 0.000000 0.253995 0.000000 0.967205 0.400000 0.400000 0.400000
4938.795410 0.000000 2578.170410 0.000000 0.469704 0.000000 0.882824 0.400000 0.400000 0.400000
4949.727051 0.000000 2567.298828 0.000000 0.697275 0.000000 0.716804 0.400000 0.400000 0.400000
"}
