object={
	name="tree_leaf_2_high_generator_1_0"
	clamp_to_water_level=no
	render_under_water=no
	generated_content=yes
	layer="tree_high_layer"
	pdxmesh="tree_leaf_01_a_mesh"
	count=229
	transform="6171.754883 0.000000 1086.723267 0.000000 0.982660 0.000000 0.185419 0.538820 0.538820 0.538820
6177.501465 0.000000 1084.903076 0.000000 0.999244 0.000000 0.038871 0.594933 0.594933 0.594933
6171.960938 0.000000 1082.446899 0.000000 0.961262 0.000000 0.275635 0.587033 0.587033 0.587033
6156.871582 0.000000 1083.770020 0.000000 0.501533 0.000000 0.865138 0.524833 0.524833 0.524833
6180.583984 0.000000 1085.179688 0.000000 0.967737 0.000000 0.251962 0.558031 0.558031 0.558031
6169.062500 0.000000 1086.849976 0.000000 0.625327 0.000000 0.780363 0.306318 0.306318 0.306318
6170.595703 0.000000 1084.647217 0.000000 0.142556 0.000000 0.989787 0.317695 0.317695 0.317695
6161.853516 0.000000 1083.145996 0.000000 0.830612 0.000000 0.556851 0.494725 0.494725 0.494725
6164.464844 0.000000 1084.745850 0.000000 0.984563 0.000000 0.175029 0.557307 0.557307 0.557307
6161.031250 0.000000 1084.792725 0.000000 0.031431 0.000000 0.999506 0.212617 0.212617 0.212617
6176.989746 0.000000 1086.641968 0.000000 0.748217 0.000000 0.663454 0.375066 0.375066 0.375066
6154.693848 0.000000 1086.770508 0.000000 0.276515 0.000000 0.961010 0.458871 0.458871 0.458871
6175.604004 0.000000 1085.648804 0.000000 0.292142 0.000000 0.956375 0.311763 0.311763 0.311763
6173.380859 0.000000 1086.218384 0.000000 0.877697 0.000000 0.479216 0.440547 0.440547 0.440547
6181.876953 0.000000 1086.223145 0.000000 0.156390 0.000000 0.987695 0.246342 0.246342 0.246342
6160.848633 0.000000 1087.016846 0.000000 0.999981 0.000000 0.006228 0.598237 0.598237 0.598237
6163.135742 0.000000 1084.030518 0.000000 0.669191 0.000000 0.743090 0.395471 0.395471 0.395471
6183.179688 0.000000 1087.113647 0.000000 0.930654 0.000000 0.365901 0.485530 0.485530 0.485530
6165.877441 0.000000 1085.108643 0.000000 0.105488 0.000000 0.994421 0.154489 0.154489 0.154489
6162.444824 0.000000 1086.931152 0.000000 0.973964 0.000000 0.226701 0.524979 0.524979 0.524979
6167.011230 0.000000 1087.227417 0.000000 0.507405 0.000000 0.861708 0.290398 0.290398 0.290398
6191.528809 0.000000 1109.677734 0.000000 0.519779 0.000000 0.854301 0.503346 0.503346 0.503346
6154.631836 0.000000 1088.521240 0.000000 0.515277 0.000000 0.857024 0.419578 0.419578 0.419578
6178.746094 0.000000 1088.296875 0.000000 0.647276 0.000000 0.762256 0.268910 0.268910 0.268910
6152.925781 0.000000 1097.979858 0.000000 0.967068 0.000000 0.254517 0.515192 0.515192 0.515192
6178.772949 0.000000 1098.879272 0.000000 0.095402 0.000000 0.995439 0.290625 0.290625 0.290625
6198.622070 0.000000 1108.260620 0.000000 0.009969 0.000000 0.999950 0.361523 0.361523 0.361523
6145.567871 0.000000 1097.196167 0.000000 0.244663 0.000000 0.969608 0.314492 0.314492 0.314492
6165.978027 0.000000 1102.054077 0.000000 0.360771 0.000000 0.932655 0.466795 0.466795 0.466795
6184.685547 0.000000 1089.805542 0.000000 0.147281 0.000000 0.989095 0.056463 0.056463 0.056463
6166.731934 0.000000 1093.037354 0.000000 0.868550 0.000000 0.495601 0.412035 0.412035 0.412035
6195.702148 0.000000 1112.836914 0.000000 0.989384 0.000000 0.145326 0.572692 0.572692 0.572692
6191.103516 0.000000 1096.608643 0.000000 0.180138 0.000000 0.983641 0.396001 0.396001 0.396001
6187.883789 0.000000 1100.392944 0.000000 0.167411 0.000000 0.985887 0.139884 0.139884 0.139884
6155.353516 0.000000 1093.340698 0.000000 0.757124 0.000000 0.653271 0.392058 0.392058 0.392058
6197.362793 0.000000 1103.515381 0.000000 0.446332 0.000000 0.894868 0.502066 0.502066 0.502066
6167.539551 0.000000 1097.657959 0.000000 0.734839 0.000000 0.678242 0.376698 0.376698 0.376698
6174.327637 0.000000 1099.146729 0.000000 0.704330 0.000000 0.709873 0.484131 0.484131 0.484131
6194.304688 0.000000 1106.463989 0.000000 0.232633 0.000000 0.972564 0.161726 0.161726 0.161726
6188.773926 0.000000 1092.660400 0.000000 0.421000 0.000000 0.907061 0.421288 0.421288 0.421288
6168.708496 0.000000 1089.396851 0.000000 0.803007 0.000000 0.595969 0.430720 0.430720 0.430720
6160.780273 0.000000 1087.740112 0.000000 0.306692 0.000000 0.951809 0.243543 0.243543 0.243543
6149.238281 0.000000 1098.906616 0.000000 0.940136 0.000000 0.340800 0.492167 0.492167 0.492167
6159.292480 0.000000 1095.290283 0.000000 0.753576 0.000000 0.657361 0.326007 0.326007 0.326007
6143.371094 0.000000 1100.221924 0.000000 0.999345 0.000000 0.036184 0.596314 0.596314 0.596314
6187.566406 0.000000 1087.887329 0.000000 0.702130 0.000000 0.712049 0.541838 0.541838 0.541838
6170.276367 0.000000 1092.281494 0.000000 0.008789 0.000000 0.999961 0.094609 0.094609 0.094609
6183.918945 0.000000 1093.023804 0.000000 0.202911 0.000000 0.979197 0.078048 0.078048 0.078048
6158.406250 0.000000 1102.363770 0.000000 0.164608 0.000000 0.986359 0.254740 0.254740 0.254740
6181.424316 0.000000 1090.248291 0.000000 0.055421 0.000000 0.998463 0.021180 0.021180 0.021180
6195.463379 0.000000 1109.463623 0.000000 0.506218 0.000000 0.862405 0.258831 0.258831 0.258831
6152.471191 0.000000 1094.634277 0.000000 0.087978 0.000000 0.996122 0.404553 0.404553 0.404553
6178.448730 0.000000 1095.620728 0.000000 0.082852 0.000000 0.996562 0.120831 0.120831 0.120831
6169.054199 0.000000 1102.267944 0.000000 0.690851 0.000000 0.722997 0.543105 0.543105 0.543105
6190.720703 0.000000 1099.509155 0.000000 0.024150 0.000000 0.999708 0.092629 0.092629 0.092629
6174.751953 0.000000 1096.326538 0.000000 0.205797 0.000000 0.978595 0.152703 0.152703 0.152703
6154.646973 0.000000 1106.529785 0.000000 0.936987 0.000000 0.349365 0.530502 0.530502 0.530502
6187.489746 0.000000 1103.269531 0.000000 0.492670 0.000000 0.870216 0.410247 0.410247 0.410247
6182.680664 0.000000 1087.788208 0.000000 0.823226 0.000000 0.567714 0.385672 0.385672 0.385672
6191.638184 0.000000 1107.052002 0.000000 0.806877 0.000000 0.590720 0.505338 0.505338 0.505338
6162.448730 0.000000 1103.487549 0.000000 0.960204 0.000000 0.279299 0.578376 0.578376 0.578376
6185.513184 0.000000 1101.453979 0.000000 0.605952 0.000000 0.795501 0.349232 0.349232 0.349232
6166.311035 0.000000 1090.449463 0.000000 0.788542 0.000000 0.614981 0.483916 0.483916 0.483916
6157.798340 0.000000 1092.995850 0.000000 0.373933 0.000000 0.927456 0.240669 0.240669 0.240669
6193.712891 0.000000 1111.284180 0.000000 0.893326 0.000000 0.449409 0.519010 0.519010 0.519010
6167.701172 0.000000 1100.204346 0.000000 0.717865 0.000000 0.696183 0.425821 0.425821 0.425821
6172.218262 0.000000 1097.837891 0.000000 0.996212 0.000000 0.086962 0.571436 0.571436 0.571436
6170.646973 0.000000 1087.855347 0.000000 0.947716 0.000000 0.319115 0.491506 0.491506 0.491506
6173.961914 0.000000 1101.555542 0.000000 0.354398 0.000000 0.935095 0.529399 0.529399 0.529399
6176.808594 0.000000 1097.544678 0.000000 0.185653 0.000000 0.982615 0.235113 0.235113 0.235113
6183.223633 0.000000 1102.220459 0.000000 0.366843 0.000000 0.930283 0.429922 0.429922 0.429922
6164.456055 0.000000 1093.601685 0.000000 0.625058 0.000000 0.780578 0.257910 0.257910 0.257910
6169.813477 0.000000 1097.345459 0.000000 0.396287 0.000000 0.918127 0.241028 0.241028 0.241028
6195.152832 0.000000 1104.263184 0.000000 0.997949 0.000000 0.064007 0.583498 0.583498 0.583498
6176.555176 0.000000 1099.813477 0.000000 0.993438 0.000000 0.114373 0.586779 0.586779 0.586779
6186.442383 0.000000 1092.644165 0.000000 0.682040 0.000000 0.731315 0.295289 0.295289 0.295289
6193.438477 0.000000 1108.563965 0.000000 0.450089 0.000000 0.892984 0.308965 0.308965 0.308965
6179.988770 0.000000 1097.084839 0.000000 0.657705 0.000000 0.753275 0.345723 0.345723 0.345723
6162.464355 0.000000 1099.017822 0.000000 0.149031 0.000000 0.988832 0.131649 0.131649 0.131649
6152.999023 0.000000 1102.823364 0.000000 0.990918 0.000000 0.134468 0.567472 0.567472 0.567472
6174.066895 0.000000 1087.806885 0.000000 0.999660 0.000000 0.026078 0.590038 0.590038 0.590038
6173.707031 0.000000 1094.436035 0.000000 0.842019 0.000000 0.539448 0.468562 0.468562 0.468562
6160.485352 0.000000 1102.780762 0.000000 0.030789 0.000000 0.999526 0.316262 0.316262 0.316262
6157.268066 0.000000 1094.946899 0.000000 0.569669 0.000000 0.821874 0.279201 0.279201 0.279201
6172.031738 0.000000 1100.988647 0.000000 0.964160 0.000000 0.265322 0.558568 0.558568 0.558568
6180.727539 0.000000 1088.375122 0.000000 0.606548 0.000000 0.795047 0.248935 0.248935 0.248935
6158.015625 0.000000 1096.803711 0.000000 0.433079 0.000000 0.901356 0.171087 0.171087 0.171087
6154.413574 0.000000 1095.132690 0.000000 0.840621 0.000000 0.541623 0.464536 0.464536 0.464536
6162.668945 0.000000 1088.205566 0.000000 0.964977 0.000000 0.262334 0.548311 0.548311 0.548311
6161.140625 0.000000 1095.908447 0.000000 0.099677 0.000000 0.995020 0.038137 0.038137 0.038137
6159.758789 0.000000 1089.573364 0.000000 0.457820 0.000000 0.889045 0.367033 0.367033 0.367033
6197.365234 0.000000 1109.781250 0.000000 0.409535 0.000000 0.912294 0.321215 0.321215 0.321215
6160.147949 0.000000 1093.327759 0.000000 0.019993 0.000000 0.999800 0.007637 0.007637 0.007637
6144.696289 0.000000 1101.627686 0.000000 0.563819 0.000000 0.825898 0.476267 0.476267 0.476267
6171.862305 0.000000 1093.527222 0.000000 0.908357 0.000000 0.418196 0.472034 0.472034 0.472034
6147.117188 0.000000 1095.399780 0.000000 0.721029 0.000000 0.692905 0.465839 0.465839 0.465839
6153.124023 0.000000 1089.738770 0.000000 0.328806 0.000000 0.944398 0.437105 0.437105 0.437105
6176.416992 0.000000 1095.549927 0.000000 0.698990 0.000000 0.715132 0.339802 0.339802 0.339802
6179.551270 0.000000 1090.119873 0.000000 0.498956 0.000000 0.866627 0.199540 0.199540 0.199540
6161.710938 0.000000 1091.845825 0.000000 0.988524 0.000000 0.151063 0.546847 0.546847 0.546847
6185.332520 0.000000 1094.134277 0.000000 0.999899 0.000000 0.014219 0.594760 0.594760 0.594760
6177.633789 0.000000 1089.756836 0.000000 0.866214 0.000000 0.499672 0.400144 0.400144 0.400144
6158.744141 0.000000 1104.304321 0.000000 0.970234 0.000000 0.242169 0.572154 0.572154 0.572154
6163.360352 0.000000 1095.012939 0.000000 0.974660 0.000000 0.223691 0.513827 0.513827 0.513827
6155.981445 0.000000 1098.427368 0.000000 0.994079 0.000000 0.108657 0.558414 0.558414 0.558414
6147.022949 0.000000 1099.044189 0.000000 0.996720 0.000000 0.080926 0.573545 0.573545 0.573545
6173.998535 0.000000 1090.732910 0.000000 0.934749 0.000000 0.355308 0.461251 0.461251 0.461251
6163.900391 0.000000 1089.589111 0.000000 0.960674 0.000000 0.277679 0.546893 0.546893 0.546893
6184.998535 0.000000 1091.549438 0.000000 0.999345 0.000000 0.036179 0.586178 0.586178 0.586178
6196.225586 0.000000 1111.071655 0.000000 0.185969 0.000000 0.982556 0.253852 0.253852 0.253852
6155.520996 0.000000 1104.835205 0.000000 0.310435 0.000000 0.950595 0.250298 0.250298 0.250298
6191.824219 0.000000 1105.376587 0.000000 0.856030 0.000000 0.516927 0.487701 0.487701 0.487701
6154.143066 0.000000 1101.503174 0.000000 0.561508 0.000000 0.827472 0.252552 0.252552 0.252552
6153.166016 0.000000 1096.302124 0.000000 0.953965 0.000000 0.299917 0.514676 0.514676 0.514676
6153.604980 0.000000 1093.254517 0.000000 0.926037 0.000000 0.377432 0.540867 0.540867 0.540867
6156.418457 0.000000 1106.857178 0.000000 0.984172 0.000000 0.177215 0.577583 0.577583 0.577583
6173.100098 0.000000 1096.133789 0.000000 0.604773 0.000000 0.796398 0.297766 0.297766 0.297766
6170.265137 0.000000 1094.025146 0.000000 0.497049 0.000000 0.867722 0.343483 0.343483 0.343483
6190.078125 0.000000 1098.004395 0.000000 0.170671 0.000000 0.985328 0.184986 0.184986 0.184986
6169.281738 0.000000 1100.602173 0.000000 0.777723 0.000000 0.628608 0.450320 0.450320 0.450320
6172.655762 0.000000 1099.526123 0.000000 0.016867 0.000000 0.999858 0.248521 0.248521 0.248521
6176.955566 0.000000 1092.453979 0.000000 0.802581 0.000000 0.596543 0.405636 0.405636 0.405636
6156.415527 0.000000 1092.152344 0.000000 0.945218 0.000000 0.326440 0.490913 0.490913 0.490913
6185.899902 0.000000 1102.981812 0.000000 0.612083 0.000000 0.790793 0.418287 0.418287 0.418287
6187.424805 0.000000 1098.860352 0.000000 0.848946 0.000000 0.528479 0.449869 0.449869 0.449869
6185.087891 0.000000 1096.733032 0.000000 0.509624 0.000000 0.860397 0.340828 0.340828 0.340828
6184.156250 0.000000 1088.328735 0.000000 0.553830 0.000000 0.832630 0.240412 0.240412 0.240412
6172.304199 0.000000 1087.938232 0.000000 0.939703 0.000000 0.341991 0.476089 0.476089 0.476089
6191.309082 0.000000 1101.093140 0.000000 0.397353 0.000000 0.917666 0.218756 0.218756 0.218756
6194.891113 0.000000 1107.993774 0.000000 0.149543 0.000000 0.988755 0.133948 0.133948 0.133948
6158.943359 0.000000 1088.202148 0.000000 0.358762 0.000000 0.933429 0.215899 0.215899 0.215899
6151.431152 0.000000 1095.741577 0.000000 0.932581 0.000000 0.360961 0.519789 0.519789 0.519789
6177.444336 0.000000 1094.357788 0.000000 0.448514 0.000000 0.893776 0.315125 0.315125 0.315125
6178.319824 0.000000 1097.379761 0.000000 0.989226 0.000000 0.146398 0.559064 0.559064 0.559064
6186.999023 0.000000 1101.811157 0.000000 0.957845 0.000000 0.287287 0.511830 0.511830 0.511830
6159.753906 0.000000 1096.755249 0.000000 0.955752 0.000000 0.294174 0.485946 0.485946 0.485946
6161.012207 0.000000 1099.606689 0.000000 0.998977 0.000000 0.045211 0.583876 0.583876 0.583876
6170.117188 0.000000 1095.864868 0.000000 0.997783 0.000000 0.066551 0.586931 0.586931 0.586931
6175.307129 0.000000 1097.833008 0.000000 0.524064 0.000000 0.851679 0.325201 0.325201 0.325201
6192.262695 0.000000 1099.860840 0.000000 0.330960 0.000000 0.943645 0.324699 0.324699 0.324699
6149.185547 0.000000 1097.143433 0.000000 0.983501 0.000000 0.180901 0.540327 0.540327 0.540327
6193.007812 0.000000 1109.985962 0.000000 0.909405 0.000000 0.415913 0.500408 0.500408 0.500408
6174.873047 0.000000 1092.833008 0.000000 0.760328 0.000000 0.649540 0.360665 0.360665 0.360665
6179.577148 0.000000 1094.621826 0.000000 0.961472 0.000000 0.274902 0.534090 0.534090 0.534090
6151.438477 0.000000 1101.975830 0.000000 0.189802 0.000000 0.981822 0.331304 0.331304 0.331304
6174.313965 0.000000 1089.224487 0.000000 0.353725 0.000000 0.935350 0.138102 0.138102 0.138102
6195.712891 0.000000 1106.857178 0.000000 0.347195 0.000000 0.937793 0.210133 0.210133 0.210133
6193.966797 0.000000 1105.015747 0.000000 0.998886 0.000000 0.047195 0.584512 0.584512 0.584512
6166.193848 0.000000 1089.031494 0.000000 0.925000 0.000000 0.379967 0.527021 0.527021 0.527021
6182.522461 0.000000 1098.236816 0.000000 0.837323 0.000000 0.546708 0.429311 0.429311 0.429311
6169.152832 0.000000 1088.000610 0.000000 0.826145 0.000000 0.563458 0.422472 0.422472 0.422472
6155.916992 0.000000 1094.645386 0.000000 0.972325 0.000000 0.233631 0.527235 0.527235 0.527235
6159.631836 0.000000 1101.654541 0.000000 0.963823 0.000000 0.266543 0.520787 0.520787 0.520787
6184.051758 0.000000 1101.087891 0.000000 0.391798 0.000000 0.920051 0.311267 0.311267 0.311267
6192.928711 0.000000 1106.558472 0.000000 0.018509 0.000000 0.999829 0.225640 0.225640 0.225640
6176.825684 0.000000 1090.919312 0.000000 0.887604 0.000000 0.460607 0.417158 0.417158 0.417158
6164.262695 0.000000 1096.072266 0.000000 0.209546 0.000000 0.977799 0.190621 0.190621 0.190621
6158.880371 0.000000 1093.979004 0.000000 0.512391 0.000000 0.858752 0.247260 0.247260 0.247260
6163.494141 0.000000 1098.086792 0.000000 0.510467 0.000000 0.859897 0.269752 0.269752 0.269752
6158.461426 0.000000 1100.969116 0.000000 0.343088 0.000000 0.939303 0.133767 0.133767 0.133767
6160.643555 0.000000 1094.584351 0.000000 0.342536 0.000000 0.939505 0.133543 0.133543 0.133543
6154.137695 0.000000 1090.676147 0.000000 0.917313 0.000000 0.398168 0.511666 0.511666 0.511666
6171.428711 0.000000 1088.976929 0.000000 0.966288 0.000000 0.257463 0.511068 0.511068 0.511068
6186.827148 0.000000 1089.116699 0.000000 0.985292 0.000000 0.170880 0.552670 0.552670 0.552670
6156.854980 0.000000 1090.479248 0.000000 0.847085 0.000000 0.531458 0.416189 0.416189 0.416189
6192.113770 0.000000 1108.478027 0.000000 0.756542 0.000000 0.653945 0.463334 0.463334 0.463334
6167.706543 0.000000 1090.310303 0.000000 0.430344 0.000000 0.902665 0.343644 0.343644 0.343644
6161.905273 0.000000 1097.721436 0.000000 0.556707 0.000000 0.830709 0.225523 0.225523 0.225523
6166.925781 0.000000 1091.625854 0.000000 0.673870 0.000000 0.738850 0.395767 0.395767 0.395767
6194.473633 0.000000 1101.164185 0.000000 0.010003 0.000000 0.999950 0.282038 0.282038 0.282038
6156.763184 0.000000 1099.489258 0.000000 0.782548 0.000000 0.622590 0.343297 0.343297 0.343297
6217.604492 0.000000 1149.432251 0.000000 0.496987 0.000000 0.867758 0.313562 0.313562 0.313562
6220.863770 0.000000 1147.754395 0.000000 0.811226 0.000000 0.584733 0.476510 0.476510 0.476510
6214.495605 0.000000 1149.031006 0.000000 0.876980 0.000000 0.480527 0.560956 0.560956 0.560956
6215.821289 0.000000 1150.832764 0.000000 0.342077 0.000000 0.939672 0.387723 0.387723 0.387723
6219.530273 0.000000 1149.281372 0.000000 0.903333 0.000000 0.428941 0.457891 0.457891 0.457891
6216.175781 0.000000 1148.241333 0.000000 0.702107 0.000000 0.712072 0.452809 0.452809 0.452809
6214.422852 0.000000 1151.578491 0.000000 0.960146 0.000000 0.279498 0.560114 0.560114 0.560114
6217.270508 0.000000 1151.167725 0.000000 0.978450 0.000000 0.206483 0.533643 0.533643 0.533643
6201.661133 0.000000 1165.244263 0.000000 0.658754 0.000000 0.752358 0.584692 0.584692 0.584692
6204.680176 0.000000 1172.542358 0.000000 0.473199 0.000000 0.880956 0.588698 0.588698 0.588698
6205.264648 0.000000 1161.986572 0.000000 0.917332 0.000000 0.398123 0.576079 0.576079 0.576079
6203.777832 0.000000 1170.360474 0.000000 0.860713 0.000000 0.509090 0.557596 0.557596 0.557596
6207.080078 0.000000 1167.079224 0.000000 0.969824 0.000000 0.243806 0.519206 0.519206 0.519206
6206.668945 0.000000 1163.114258 0.000000 0.455763 0.000000 0.890101 0.356677 0.356677 0.356677
6203.534668 0.000000 1168.743774 0.000000 0.086254 0.000000 0.996273 0.359853 0.359853 0.359853
6205.248047 0.000000 1163.591187 0.000000 0.974994 0.000000 0.222231 0.560053 0.560053 0.560053
6205.653320 0.000000 1166.762817 0.000000 0.586595 0.000000 0.809880 0.315793 0.315793 0.315793
6204.961426 0.000000 1169.534790 0.000000 0.471618 0.000000 0.881803 0.399458 0.399458 0.399458
6208.744629 0.000000 1167.575195 0.000000 0.547062 0.000000 0.837092 0.282025 0.282025 0.282025
6218.624023 0.000000 1152.505615 0.000000 0.999862 0.000000 0.016637 0.594791 0.594791 0.594791
6216.917969 0.000000 1161.964233 0.000000 0.967379 0.000000 0.253334 0.553961 0.553961 0.553961
6219.345703 0.000000 1157.325073 0.000000 0.569806 0.000000 0.821779 0.344272 0.344272 0.344272
6209.587402 0.000000 1172.297119 0.000000 0.722045 0.000000 0.691846 0.569099 0.569099 0.569099
6213.230469 0.000000 1162.890991 0.000000 0.032745 0.000000 0.999464 0.185301 0.185301 0.185301
6210.523438 0.000000 1157.590210 0.000000 0.998213 0.000000 0.059759 0.587013 0.587013 0.587013
6212.730957 0.000000 1170.041138 0.000000 0.664820 0.000000 0.747004 0.553248 0.553248 0.553248
6215.326660 0.000000 1153.056641 0.000000 0.478603 0.000000 0.878032 0.301399 0.301399 0.301399
6213.130371 0.000000 1159.614136 0.000000 0.981672 0.000000 0.190576 0.537385 0.537385 0.537385
6210.587891 0.000000 1164.781494 0.000000 0.575742 0.000000 0.817631 0.321815 0.321815 0.321815
6219.728516 0.000000 1160.586304 0.000000 0.811507 0.000000 0.584343 0.519606 0.519606 0.519606
6211.476074 0.000000 1167.612671 0.000000 0.248217 0.000000 0.968704 0.315283 0.315283 0.315283
6221.790527 0.000000 1156.980225 0.000000 0.358820 0.000000 0.933407 0.363781 0.363781 0.363781
6210.015137 0.000000 1169.856323 0.000000 0.999771 0.000000 0.021413 0.595413 0.595413 0.595413
6211.775879 0.000000 1155.501953 0.000000 0.060693 0.000000 0.998156 0.387375 0.387375 0.387375
6212.716797 0.000000 1165.005005 0.000000 0.547108 0.000000 0.837062 0.455879 0.455879 0.455879
6213.245605 0.000000 1153.951660 0.000000 0.832890 0.000000 0.553439 0.506877 0.506877 0.506877
6218.405762 0.000000 1159.117065 0.000000 0.923871 0.000000 0.382705 0.507642 0.507642 0.507642
6212.606934 0.000000 1157.747681 0.000000 0.925256 0.000000 0.379343 0.484018 0.484018 0.484018
6208.688477 0.000000 1165.612061 0.000000 0.936537 0.000000 0.350568 0.486257 0.486257 0.486257
6211.109375 0.000000 1159.384155 0.000000 0.859237 0.000000 0.511578 0.423832 0.423832 0.423832
6217.116211 0.000000 1153.723145 0.000000 0.995960 0.000000 0.089799 0.570502 0.570502 0.570502
6220.464355 0.000000 1151.813232 0.000000 0.988342 0.000000 0.152247 0.569092 0.569092 0.569092
6215.209473 0.000000 1154.931641 0.000000 0.133079 0.000000 0.991105 0.137104 0.137104 0.137104
6222.024902 0.000000 1155.133789 0.000000 0.898732 0.000000 0.438498 0.542204 0.542204 0.542204
6211.015137 0.000000 1163.028564 0.000000 0.809546 0.000000 0.587056 0.407336 0.407336 0.407336
6217.158203 0.000000 1160.286499 0.000000 0.981148 0.000000 0.193257 0.560672 0.560672 0.560672
6217.597168 0.000000 1157.238892 0.000000 0.106179 0.000000 0.994347 0.119603 0.119603 0.119603
6210.121582 0.000000 1166.518066 0.000000 0.667430 0.000000 0.744673 0.367210 0.367210 0.367210
6207.788574 0.000000 1171.961304 0.000000 0.998496 0.000000 0.054826 0.593591 0.593591 0.593591
6207.488770 0.000000 1168.642700 0.000000 0.995076 0.000000 0.099117 0.567729 0.567729 0.567729
6216.462891 0.000000 1151.860474 0.000000 0.999978 0.000000 0.006601 0.598220 0.598220 0.598220
6207.309570 0.000000 1166.721069 0.000000 0.980455 0.000000 0.196743 0.543045 0.543045 0.543045
6207.697266 0.000000 1162.542847 0.000000 0.716988 0.000000 0.697085 0.435935 0.435935 0.435935
6220.407715 0.000000 1156.136719 0.000000 0.076403 0.000000 0.997077 0.203806 0.203806 0.203806
6211.365723 0.000000 1169.128906 0.000000 0.850110 0.000000 0.526605 0.510279 0.510279 0.510279
6220.157715 0.000000 1153.283203 0.000000 0.704329 0.000000 0.709874 0.459301 0.459301 0.459301
6210.066406 0.000000 1168.250854 0.000000 0.700333 0.000000 0.713816 0.388046 0.388046 0.388046
6213.102051 0.000000 1155.327393 0.000000 0.622210 0.000000 0.782851 0.365624 0.365624 0.365624
"}
object={
	name="tree_leaf_2_high_generator_1_1"
	clamp_to_water_level=no
	render_under_water=no
	generated_content=yes
	layer="tree_high_layer"
	pdxmesh="tree_leaf_01_b_mesh"
	count=220
	transform="6164.216309 0.000000 1082.796265 0.000000 0.687278 0.000000 -0.726395 0.676728 0.676728 0.676728
6183.571777 0.000000 1085.690674 0.000000 0.160896 0.000000 -0.986971 0.720320 0.720320 0.720320
6153.612305 0.000000 1085.447876 0.000000 0.981170 0.000000 -0.193144 0.603494 0.603494 0.603494
6159.623047 0.000000 1085.891479 0.000000 0.293495 0.000000 -0.955961 0.987068 0.987068 0.987068
6168.446289 0.000000 1083.834717 0.000000 0.185181 0.000000 -0.982704 0.797025 0.797025 0.797025
6187.791504 0.000000 1086.515381 0.000000 0.820239 0.000000 -0.572021 0.614595 0.614595 0.614595
6160.626953 0.000000 1081.066162 0.000000 0.646034 0.000000 -0.763308 0.626017 0.626017 0.626017
6165.733887 0.000000 1086.457397 0.000000 0.999468 0.000000 -0.032605 0.610698 0.610698 0.610698
6175.454102 0.000000 1087.499268 0.000000 0.943433 0.000000 -0.331563 0.729091 0.729091 0.729091
6162.723633 0.000000 1085.595581 0.000000 0.018007 0.000000 -0.999838 1.097757 1.097757 1.097757
6174.110840 0.000000 1084.719849 0.000000 0.870268 0.000000 -0.492578 0.684866 0.684866 0.684866
6156.949707 0.000000 1086.614136 0.000000 0.997694 0.000000 -0.067866 0.615769 0.615769 0.615769
6159.466309 0.000000 1083.378662 0.000000 0.547295 0.000000 -0.836940 0.760428 0.760428 0.760428
6185.174805 0.000000 1087.681152 0.000000 0.328378 0.000000 -0.944546 0.816655 0.816655 0.816655
6178.703613 0.000000 1086.996216 0.000000 0.705537 0.000000 -0.708673 0.846577 0.846577 0.846577
6166.227051 0.000000 1083.852661 0.000000 0.678865 0.000000 -0.734263 0.734633 0.734633 0.734633
6167.493164 0.000000 1085.567993 0.000000 0.292504 0.000000 -0.956264 0.979750 0.979750 0.979750
6158.782227 0.000000 1087.724121 0.000000 0.866307 0.000000 -0.499512 0.771580 0.771580 0.771580
6155.538086 0.000000 1085.296997 0.000000 0.072875 0.000000 -0.997341 0.797444 0.797444 0.797444
6157.979492 0.000000 1085.198608 0.000000 0.413268 0.000000 -0.910609 0.872647 0.872647 0.872647
6172.304199 0.000000 1084.366943 0.000000 0.604687 0.000000 -0.796463 0.772528 0.772528 0.772528
6164.149902 0.000000 1086.776123 0.000000 0.482757 0.000000 -0.875754 0.950024 0.950024 0.950024
6180.375977 0.000000 1086.698486 0.000000 0.860598 0.000000 -0.509285 0.752881 0.752881 0.752881
6169.083984 0.000000 1085.189941 0.000000 0.919721 0.000000 -0.392573 0.714818 0.714818 0.714818
6170.344727 0.000000 1086.136719 0.000000 0.701064 0.000000 -0.713098 0.860439 0.860439 0.860439
6158.277832 0.000000 1086.494629 0.000000 0.973431 0.000000 -0.228979 0.675788 0.675788 0.675788
6144.752441 0.000000 1103.590820 0.000000 0.329348 0.000000 -0.944209 0.620352 0.620352 0.620352
6171.617676 0.000000 1095.399048 0.000000 0.077180 0.000000 -0.997017 0.942294 0.942294 0.942294
6160.316895 0.000000 1105.151978 0.000000 0.650837 0.000000 -0.759217 0.606457 0.606457 0.606457
6186.235840 0.000000 1095.681030 0.000000 0.140242 0.000000 -0.990117 1.069136 1.069136 1.069136
6164.824707 0.000000 1088.088379 0.000000 0.239260 0.000000 -0.970955 0.872772 0.872772 0.872772
6162.889160 0.000000 1096.757935 0.000000 0.811088 0.000000 -0.584924 0.838651 0.838651 0.838651
6193.009277 0.000000 1101.216064 0.000000 0.642023 0.000000 -0.766685 0.826402 0.826402 0.826402
6184.791992 0.000000 1104.146484 0.000000 0.531913 0.000000 -0.846799 0.639333 0.639333 0.639333
6152.051758 0.000000 1108.062500 0.000000 0.612632 0.000000 -0.790368 0.621844 0.621844 0.621844
6172.754883 0.000000 1089.458008 0.000000 0.141702 0.000000 -0.989909 1.117871 1.117871 1.117871
6150.038574 0.000000 1092.421875 0.000000 0.999996 0.000000 -0.002684 0.600040 0.600040 0.600040
6159.843262 0.000000 1091.489136 0.000000 0.980964 0.000000 -0.194192 0.646546 0.646546 0.646546
6155.108398 0.000000 1103.162964 0.000000 0.971116 0.000000 -0.238609 0.678676 0.678676 0.678676
6180.677734 0.000000 1093.478516 0.000000 0.610308 0.000000 -0.792164 0.787639 0.787639 0.787639
6157.989746 0.000000 1098.899414 0.000000 0.800493 0.000000 -0.599342 0.845485 0.845485 0.845485
6150.075195 0.000000 1102.637939 0.000000 0.478951 0.000000 -0.877841 0.709125 0.709125 0.709125
6189.823242 0.000000 1105.065186 0.000000 0.512524 0.000000 -0.858673 0.680437 0.680437 0.680437
6175.945312 0.000000 1093.779541 0.000000 0.977009 0.000000 -0.213197 0.648917 0.648917 0.648917
6183.485352 0.000000 1099.769409 0.000000 0.848479 0.000000 -0.529228 0.766241 0.766241 0.766241
6161.625000 0.000000 1101.042480 0.000000 0.996350 0.000000 -0.085359 0.620227 0.620227 0.620227
6170.579102 0.000000 1099.626953 0.000000 0.019590 0.000000 -0.999808 1.043807 1.043807 1.043807
6163.614258 0.000000 1091.364990 0.000000 0.999160 0.000000 -0.040976 0.615656 0.615656 0.615656
6182.124512 0.000000 1096.594604 0.000000 0.424676 0.000000 -0.905345 0.942581 0.942581 0.942581
6149.138184 0.000000 1095.629761 0.000000 0.972066 0.000000 -0.234707 0.653233 0.653233 0.653233
6146.595703 0.000000 1100.797119 0.000000 0.989292 0.000000 -0.145947 0.640809 0.640809 0.640809
6178.230957 0.000000 1091.440063 0.000000 0.596170 0.000000 -0.802858 0.956026 0.956026 0.956026
6152.397461 0.000000 1104.932495 0.000000 0.889524 0.000000 -0.456888 0.717275 0.717275 0.717275
6180.839844 0.000000 1101.466675 0.000000 0.396616 0.000000 -0.917985 0.650519 0.650519 0.650519
6157.657715 0.000000 1089.302368 0.000000 0.594710 0.000000 -0.803940 0.906360 0.906360 0.906360
6155.736328 0.000000 1096.601929 0.000000 0.899868 0.000000 -0.436162 0.751437 0.751437 0.751437
6198.480957 0.000000 1111.515625 0.000000 0.249067 0.000000 -0.968486 0.787709 0.787709 0.787709
6175.826172 0.000000 1089.539917 0.000000 0.958205 0.000000 -0.286084 0.710824 0.710824 0.710824
6155.129395 0.000000 1100.018921 0.000000 0.900414 0.000000 -0.435034 0.771917 0.771917 0.771917
6157.168457 0.000000 1105.319092 0.000000 0.774987 0.000000 -0.631977 0.679929 0.679929 0.679929
6164.627930 0.000000 1099.359985 0.000000 0.979199 0.000000 -0.202902 0.667027 0.667027 0.667027
6161.990723 0.000000 1093.777344 0.000000 0.635851 0.000000 -0.771812 0.936779 0.936779 0.936779
6152.912109 0.000000 1091.714966 0.000000 0.922848 0.000000 -0.385163 0.625467 0.625467 0.625467
6152.391602 0.000000 1100.826294 0.000000 0.902162 0.000000 -0.431397 0.726946 0.726946 0.726946
6173.394531 0.000000 1092.388306 0.000000 0.993902 0.000000 -0.110265 0.636411 0.636411 0.636411
6195.854980 0.000000 1101.013794 0.000000 0.993222 0.000000 -0.116237 0.616229 0.616229 0.616229
6188.386230 0.000000 1097.595947 0.000000 0.092325 0.000000 -0.995729 1.084964 1.084964 1.084964
6192.856445 0.000000 1104.031860 0.000000 0.967064 0.000000 -0.254534 0.680573 0.680573 0.680573
6168.845703 0.000000 1095.048462 0.000000 0.862989 0.000000 -0.505222 0.728525 0.728525 0.728525
6165.578613 0.000000 1095.658081 0.000000 0.808808 0.000000 -0.588073 0.813768 0.813768 0.813768
6147.483887 0.000000 1103.628296 0.000000 0.899740 0.000000 -0.436427 0.625707 0.625707 0.625707
6190.339355 0.000000 1102.369141 0.000000 0.553319 0.000000 -0.832969 0.877232 0.877232 0.877232
6185.844727 0.000000 1098.393188 0.000000 0.982990 0.000000 -0.183658 0.653675 0.653675 0.653675
6160.582031 0.000000 1098.023804 0.000000 0.726147 0.000000 -0.687540 0.889571 0.889571 0.889571
6187.192871 0.000000 1090.444702 0.000000 0.341303 0.000000 -0.939953 0.858200 0.858200 0.858200
6196.924316 0.000000 1106.143677 0.000000 0.999210 0.000000 -0.039732 0.610001 0.610001 0.610001
6188.854980 0.000000 1095.155029 0.000000 0.995395 0.000000 -0.095857 0.627180 0.627180 0.627180
6155.529785 0.000000 1090.776123 0.000000 0.630989 0.000000 -0.775792 0.854052 0.854052 0.854052
6161.657715 0.000000 1089.896362 0.000000 0.134902 0.000000 -0.990859 0.862330 0.862330 0.862330
6181.244141 0.000000 1098.871216 0.000000 0.873746 0.000000 -0.486383 0.743043 0.743043 0.743043
6150.761230 0.000000 1097.207031 0.000000 0.882066 0.000000 -0.471126 0.760929 0.760929 0.760929
6163.800781 0.000000 1101.401245 0.000000 0.884007 0.000000 -0.467473 0.699095 0.699095 0.699095
6167.099609 0.000000 1087.890869 0.000000 0.948296 0.000000 -0.317389 0.696275 0.696275 0.696275
6168.259766 0.000000 1091.519287 0.000000 0.933312 0.000000 -0.359066 0.699575 0.699575 0.699575
6183.913574 0.000000 1095.343628 0.000000 0.182088 0.000000 -0.983282 0.895169 0.895169 0.895169
6148.724609 0.000000 1101.020630 0.000000 0.228265 0.000000 -0.973599 0.832925 0.832925 0.832925
6159.638672 0.000000 1100.262451 0.000000 0.392557 0.000000 -0.919728 1.045909 1.045909 1.045909
6170.780762 0.000000 1090.211426 0.000000 0.997543 0.000000 -0.070052 0.622369 0.622369 0.622369
6147.747070 0.000000 1097.392700 0.000000 0.874767 0.000000 -0.484544 0.750028 0.750028 0.750028
6175.615723 0.000000 1091.587036 0.000000 0.957922 0.000000 -0.287029 0.711201 0.711201 0.711201
6157.109375 0.000000 1100.766113 0.000000 0.557411 0.000000 -0.830236 0.974154 0.974154 0.974154
6183.824219 0.000000 1097.706421 0.000000 0.956421 0.000000 -0.291991 0.697203 0.697203 0.697203
6145.176270 0.000000 1095.105103 0.000000 0.037328 0.000000 -0.999303 0.735524 0.735524 0.735524
6178.656250 0.000000 1093.433472 0.000000 0.825089 0.000000 -0.565003 0.715125 0.715125 0.715125
6145.266602 0.000000 1099.308350 0.000000 0.486997 0.000000 -0.873404 0.883202 0.883202 0.883202
6151.241699 0.000000 1099.180298 0.000000 0.639942 0.000000 -0.768423 0.823167 0.823167 0.823167
6199.751953 0.000000 1109.923218 0.000000 0.996200 0.000000 -0.087094 0.608099 0.608099 0.608099
6192.354980 0.000000 1098.372192 0.000000 0.438014 0.000000 -0.898968 0.800856 0.800856 0.800856
6150.549316 0.000000 1094.282715 0.000000 0.877648 0.000000 -0.479306 0.671881 0.671881 0.671881
6182.284180 0.000000 1091.976929 0.000000 0.235679 0.000000 -0.971831 1.109122 1.109122 1.109122
6164.692871 0.000000 1097.439819 0.000000 0.959220 0.000000 -0.282660 0.674691 0.674691 0.674691
6150.346680 0.000000 1104.481934 0.000000 0.075400 0.000000 -0.997153 0.745593 0.745593 0.745593
6182.398926 0.000000 1094.181152 0.000000 0.648697 0.000000 -0.761047 0.806000 0.806000 0.806000
6196.685547 0.000000 1108.020874 0.000000 0.638929 0.000000 -0.769265 0.855055 0.855055 0.855055
6194.359863 0.000000 1102.524658 0.000000 0.369358 0.000000 -0.929287 0.887586 0.887586 0.887586
6156.472168 0.000000 1087.828857 0.000000 0.662892 0.000000 -0.748715 0.833207 0.833207 0.833207
6194.417969 0.000000 1099.846313 0.000000 0.120675 0.000000 -0.992692 0.758537 0.758537 0.758537
6158.032715 0.000000 1091.149414 0.000000 0.823991 0.000000 -0.566603 0.740762 0.740762 0.740762
6168.596680 0.000000 1093.279663 0.000000 0.468527 0.000000 -0.883449 0.955331 0.955331 0.955331
6185.719238 0.000000 1088.337036 0.000000 0.354342 0.000000 -0.935116 0.938540 0.938540 0.938540
6180.814941 0.000000 1095.380249 0.000000 0.709026 0.000000 -0.705182 0.827445 0.827445 0.827445
6156.906738 0.000000 1103.339478 0.000000 0.415766 0.000000 -0.909472 0.913049 0.913049 0.913049
6187.366211 0.000000 1094.131836 0.000000 0.346952 0.000000 -0.937883 0.953506 0.953506 0.953506
6179.971680 0.000000 1091.835449 0.000000 0.581847 0.000000 -0.813298 0.962796 0.962796 0.962796
6150.551270 0.000000 1100.821655 0.000000 0.953022 0.000000 -0.302903 0.651168 0.651168 0.651168
6168.850098 0.000000 1098.920166 0.000000 0.818950 0.000000 -0.573865 0.800508 0.800508 0.800508
6167.324219 0.000000 1095.876343 0.000000 0.991006 0.000000 -0.133820 0.636391 0.636391 0.636391
6165.307129 0.000000 1092.081421 0.000000 0.536315 0.000000 -0.844018 0.974749 0.974749 0.974749
6166.374512 0.000000 1099.052368 0.000000 0.964232 0.000000 -0.265059 0.682779 0.682779 0.682779
6172.012207 0.000000 1091.355835 0.000000 0.976206 0.000000 -0.216845 0.677598 0.677598 0.677598
6146.129395 0.000000 1102.533691 0.000000 0.644898 0.000000 -0.764269 0.715972 0.715972 0.715972
6152.934082 0.000000 1106.574219 0.000000 0.908547 0.000000 -0.417783 0.667144 0.667144 0.667144
6189.701660 0.000000 1100.829590 0.000000 0.004146 0.000000 -0.999991 1.085773 1.085773 1.085773
6183.050781 0.000000 1089.464355 0.000000 0.999934 0.000000 -0.011489 0.604388 0.604388 0.604388
6176.859863 0.000000 1088.256104 0.000000 0.314492 0.000000 -0.949260 1.077799 1.077799 1.077799
6153.544922 0.000000 1099.674927 0.000000 0.972619 0.000000 -0.232404 0.684321 0.684321 0.684321
6191.260742 0.000000 1103.708130 0.000000 0.625197 0.000000 -0.780467 0.852158 0.852158 0.852158
6189.125977 0.000000 1103.525024 0.000000 0.197705 0.000000 -0.980262 0.850689 0.850689 0.850689
6186.243652 0.000000 1099.990356 0.000000 0.946246 0.000000 -0.323447 0.694728 0.694728 0.694728
6188.572266 0.000000 1101.984863 0.000000 0.874772 0.000000 -0.484534 0.750782 0.750782 0.750782
6154.522461 0.000000 1097.708130 0.000000 0.990333 0.000000 -0.138710 0.651279 0.651279 0.651279
6151.527832 0.000000 1103.423828 0.000000 0.590895 0.000000 -0.806749 0.761690 0.761690 0.761690
6188.941406 0.000000 1099.203491 0.000000 0.892998 0.000000 -0.450061 0.738458 0.738458 0.738458
6181.964355 0.000000 1100.322021 0.000000 0.326307 0.000000 -0.945264 0.770664 0.770664 0.770664
6153.908203 0.000000 1104.378662 0.000000 0.861156 0.000000 -0.508342 0.768543 0.768543 0.768543
6154.520020 0.000000 1091.998413 0.000000 0.137229 0.000000 -0.990539 0.906983 0.906983 0.906983
6155.929688 0.000000 1101.826416 0.000000 0.755358 0.000000 -0.655313 0.872956 0.872956 0.872956
6173.766113 0.000000 1097.591309 0.000000 0.338262 0.000000 -0.941052 0.981899 0.981899 0.981899
6186.852051 0.000000 1097.136841 0.000000 0.445498 0.000000 -0.895283 0.884083 0.884083 0.884083
6183.531738 0.000000 1091.015625 0.000000 0.118268 0.000000 -0.992982 1.154719 1.154719 1.154719
6195.965332 0.000000 1102.662598 0.000000 0.429718 0.000000 -0.902963 0.805886 0.805886 0.805886
6167.477051 0.000000 1094.364990 0.000000 0.651074 0.000000 -0.759014 0.882710 0.882710 0.882710
6165.696289 0.000000 1100.444458 0.000000 0.612051 0.000000 -0.790818 0.836375 0.836375 0.836375
6156.165527 0.000000 1089.298828 0.000000 0.593743 0.000000 -0.804655 0.906754 0.906754 0.906754
6189.537598 0.000000 1096.494263 0.000000 0.854074 0.000000 -0.520152 0.745036 0.745036 0.745036
6192.320312 0.000000 1102.533447 0.000000 0.066124 0.000000 -0.997811 1.093587 1.093587 1.093587
6163.146484 0.000000 1092.759277 0.000000 0.861501 0.000000 -0.507756 0.803430 0.803430 0.803430
6166.301270 0.000000 1096.900024 0.000000 0.963464 0.000000 -0.267839 0.658081 0.658081 0.658081
6165.844727 0.000000 1094.134033 0.000000 0.108427 0.000000 -0.994104 1.158502 1.158502 1.158502
6171.168457 0.000000 1096.799316 0.000000 0.906647 0.000000 -0.421891 0.726564 0.726564 0.726564
6164.919434 0.000000 1090.714966 0.000000 0.988462 0.000000 -0.151470 0.639404 0.639404 0.639404
6168.650879 0.000000 1096.504028 0.000000 0.999725 0.000000 -0.023456 0.605517 0.605517 0.605517
6169.501953 0.000000 1090.807251 0.000000 0.262356 0.000000 -0.964971 0.991060 0.991060 0.991060
6190.314941 0.000000 1095.264771 0.000000 0.736597 0.000000 -0.676332 0.722388 0.722388 0.722388
6175.406738 0.000000 1088.144775 0.000000 0.766844 0.000000 -0.641834 0.866191 0.866191 0.866191
6175.078613 0.000000 1094.921753 0.000000 0.056893 0.000000 -0.998380 0.983237 0.983237 0.983237
6184.866211 0.000000 1099.936768 0.000000 0.894255 0.000000 -0.447559 0.752225 0.752225 0.752225
6196.509277 0.000000 1104.626953 0.000000 0.690349 0.000000 -0.723477 0.753869 0.753869 0.753869
6159.125000 0.000000 1098.020752 0.000000 0.389989 0.000000 -0.920819 1.046975 1.046975 1.046975
6187.862305 0.000000 1096.191284 0.000000 0.993158 0.000000 -0.116775 0.638395 0.638395 0.638395
6162.893555 0.000000 1100.367188 0.000000 0.318887 0.000000 -0.947793 0.967756 0.967756 0.967756
6170.895020 0.000000 1098.232056 0.000000 0.074756 0.000000 -0.997202 1.090748 1.090748 1.090748
6187.706055 0.000000 1091.830078 0.000000 0.224342 0.000000 -0.974510 0.936339 0.936339 0.936339
6170.045410 0.000000 1089.063110 0.000000 0.004162 0.000000 -0.999991 1.102195 1.102195 1.102195
6184.539551 0.000000 1102.736084 0.000000 0.415733 0.000000 -0.909487 0.808706 0.808706 0.808706
6148.181152 0.000000 1099.755981 0.000000 0.980797 0.000000 -0.195033 0.656160 0.656160 0.656160
6195.039062 0.000000 1111.688354 0.000000 0.574278 0.000000 -0.818660 0.849973 0.849973 0.849973
6177.442383 0.000000 1098.708374 0.000000 0.523756 0.000000 -0.851868 0.797009 0.797009 0.797009
6195.279785 0.000000 1105.572388 0.000000 0.867257 0.000000 -0.497860 0.752220 0.752220 0.752220
6159.036133 0.000000 1092.501343 0.000000 0.668652 0.000000 -0.743575 0.866244 0.866244 0.866244
6157.011719 0.000000 1097.628052 0.000000 0.778403 0.000000 -0.627765 0.859236 0.859236 0.859236
6185.884277 0.000000 1090.423950 0.000000 0.419419 0.000000 -0.907793 1.034681 1.034681 1.034681
6220.670410 0.000000 1144.182373 0.000000 0.507740 0.000000 -0.861510 0.612442 0.612442 0.612442
6223.615234 0.000000 1149.875854 0.000000 0.592977 0.000000 -0.805219 0.630847 0.630847 0.630847
6212.820312 0.000000 1151.671997 0.000000 0.293629 0.000000 -0.955920 0.624785 0.624785 0.624785
6216.148438 0.000000 1146.381104 0.000000 0.929687 0.000000 -0.368351 0.637860 0.637860 0.637860
6220.941895 0.000000 1150.598511 0.000000 0.943186 0.000000 -0.332264 0.682191 0.682191 0.682191
6218.479004 0.000000 1147.284424 0.000000 0.926212 0.000000 -0.377004 0.693225 0.693225 0.693225
6219.757324 0.000000 1145.874878 0.000000 0.764875 0.000000 -0.644179 0.662908 0.662908 0.662908
6221.971680 0.000000 1149.182983 0.000000 0.998481 0.000000 -0.055096 0.609909 0.609909 0.609909
6218.686035 0.000000 1150.754883 0.000000 0.997905 0.000000 -0.064693 0.620752 0.620752 0.620752
6205.031738 0.000000 1168.184814 0.000000 0.829509 0.000000 -0.558493 0.773087 0.773087 0.773087
6206.106934 0.000000 1165.109497 0.000000 0.038912 0.000000 -0.999243 1.065812 1.065812 1.065812
6206.131348 0.000000 1170.311401 0.000000 0.992682 0.000000 -0.120759 0.622304 0.622304 0.622304
6203.864258 0.000000 1164.162720 0.000000 0.347535 0.000000 -0.937667 0.742059 0.742059 0.742059
6202.640137 0.000000 1167.457397 0.000000 0.502593 0.000000 -0.864523 0.703233 0.703233 0.703233
6204.270996 0.000000 1166.248413 0.000000 0.255970 0.000000 -0.966685 0.904606 0.904606 0.904606
6206.363281 0.000000 1168.863525 0.000000 0.124248 0.000000 -0.992251 1.070097 1.070097 1.070097
6209.560059 0.000000 1161.180542 0.000000 0.815460 0.000000 -0.578813 0.802494 0.802494 0.802494
6214.030762 0.000000 1156.406250 0.000000 0.220221 0.000000 -0.975450 1.042454 1.042454 1.042454
6223.835449 0.000000 1155.473511 0.000000 0.991993 0.000000 -0.126290 0.606449 0.606449 0.606449
6207.363281 0.000000 1164.206299 0.000000 0.998913 0.000000 -0.046618 0.614809 0.614809 0.614809
6207.267090 0.000000 1158.402588 0.000000 0.820354 0.000000 -0.571856 0.647418 0.647418 0.647418
6216.463379 0.000000 1158.618652 0.000000 0.349744 0.000000 -0.936845 0.998084 0.998084 0.998084
6221.649902 0.000000 1153.286743 0.000000 0.286949 0.000000 -0.957946 0.768695 0.768695 0.768695
6207.313965 0.000000 1170.296143 0.000000 0.840692 0.000000 -0.541513 0.709718 0.709718 0.709718
6216.904297 0.000000 1155.699341 0.000000 0.996265 0.000000 -0.086351 0.627974 0.627974 0.627974
6219.521973 0.000000 1154.760498 0.000000 0.154915 0.000000 -0.987928 0.990071 0.990071 0.990071
6207.314453 0.000000 1160.967651 0.000000 0.767552 0.000000 -0.640987 0.713603 0.713603 0.713603
6214.753418 0.000000 1161.191406 0.000000 0.988782 0.000000 -0.149369 0.639078 0.639078 0.639078
6211.739258 0.000000 1161.377075 0.000000 0.977194 0.000000 -0.212347 0.667630 0.667630 0.667630
6209.168457 0.000000 1159.089478 0.000000 0.988760 0.000000 -0.149508 0.635967 0.635967 0.635967
6221.260254 0.000000 1158.931274 0.000000 0.482474 0.000000 -0.875910 0.723105 0.723105 0.723105
6209.258789 0.000000 1163.292725 0.000000 0.792359 0.000000 -0.610055 0.815241 0.815241 0.815241
6215.233887 0.000000 1163.164673 0.000000 0.847556 0.000000 -0.530706 0.656983 0.656983 0.656983
6214.541504 0.000000 1158.267090 0.000000 0.014148 0.000000 -0.999900 1.094330 1.094330 1.094330
6214.543457 0.000000 1164.806030 0.000000 0.356258 0.000000 -0.934388 0.740970 0.740970 0.740970
6215.743164 0.000000 1156.977295 0.000000 0.178681 0.000000 -0.983907 1.056362 1.056362 1.056362
6218.512207 0.000000 1155.982788 0.000000 0.045703 0.000000 -0.998955 1.098012 1.098012 1.098012
6215.423340 0.000000 1159.725952 0.000000 0.503580 0.000000 -0.863949 0.942172 0.942172 0.942172
6211.596680 0.000000 1166.010620 0.000000 0.962001 0.000000 -0.273047 0.656754 0.656754 0.656754
6208.939453 0.000000 1170.945557 0.000000 0.993973 0.000000 -0.109621 0.621554 0.621554 0.621554
6213.177734 0.000000 1161.127808 0.000000 0.640119 0.000000 -0.768276 0.867730 0.867730 0.867730
6210.404785 0.000000 1156.074585 0.000000 0.974546 0.000000 -0.224185 0.635563 0.635563 0.635563
6208.853516 0.000000 1168.975220 0.000000 0.505173 0.000000 -0.863018 0.941567 0.941567 0.941567
6219.909180 0.000000 1158.629761 0.000000 0.914674 0.000000 -0.404192 0.691622 0.691622 0.691622
6218.129883 0.000000 1154.660522 0.000000 0.992629 0.000000 -0.121195 0.633304 0.633304 0.633304
6220.847168 0.000000 1154.463623 0.000000 0.936275 0.000000 -0.351268 0.685486 0.685486 0.685486
6212.173340 0.000000 1163.740356 0.000000 0.165343 0.000000 -0.986236 0.959806 0.959806 0.959806
6211.658203 0.000000 1156.819824 0.000000 0.907047 0.000000 -0.421030 0.685928 0.685928 0.685928
"}
