object={
	name="tree_jungle_01_c_generator_1_0"
	clamp_to_water_level=no
	render_under_water=no
	generated_content=yes
	layer="tree_high_layer"
	pdxmesh="tree_jungle_01_c_mesh"
	count=343
	transform="5223.688965 0.000000 573.815613 0.000000 0.891953 0.000000 -0.452129 0.985385 0.985385 0.985385
5214.682129 0.000000 567.808777 0.000000 0.765099 0.000000 -0.643912 1.043045 1.043045 1.043045
5233.729492 0.000000 572.267456 0.000000 0.853423 0.000000 -0.521220 0.950509 0.950509 0.950509
5222.319336 0.000000 564.263489 0.000000 0.498465 0.000000 -0.866910 0.916498 0.916498 0.916498
5228.314453 0.000000 570.096741 0.000000 0.927207 0.000000 -0.374550 1.022490 1.022490 1.022490
5217.618652 0.000000 573.028015 0.000000 0.985706 0.000000 0.168475 0.816701 0.816701 0.816701
5221.351562 0.000000 569.299866 0.000000 0.312302 0.000000 -0.949983 1.516652 1.516652 1.516652
5225.060547 0.000000 567.435120 0.000000 0.111456 0.000000 0.993769 0.559040 0.559040 0.559040
5227.908691 0.000000 574.640320 0.000000 0.977087 0.000000 -0.212841 0.985299 0.985299 0.985299
5212.078125 0.000000 570.571838 0.000000 0.995926 0.000000 0.090169 0.884378 0.884378 0.884378
5218.275391 0.000000 567.571899 0.000000 0.764934 0.000000 -0.644109 1.090273 1.090273 1.090273
5234.220703 0.000000 575.850098 0.000000 0.997281 0.000000 0.073689 0.880942 0.880942 0.880942
5215.571289 0.000000 575.624268 0.000000 0.510561 0.000000 -0.859842 1.220911 1.220911 1.220911
5231.075684 0.000000 574.076172 0.000000 0.010815 0.000000 -0.999942 1.527415 1.527415 1.527415
5224.609375 0.000000 570.807373 0.000000 0.176091 0.000000 0.984374 0.214162 0.214162 0.214162
5214.228027 0.000000 572.844788 0.000000 0.592550 0.000000 0.805534 0.645369 0.645369 0.645369
5220.701172 0.000000 573.304688 0.000000 0.365902 0.000000 -0.930653 1.292407 1.292407 1.292407
5216.507324 0.000000 570.280945 0.000000 0.432301 0.000000 -0.901729 1.452965 1.452965 1.452965
5231.247559 0.000000 570.500305 0.000000 0.774875 0.000000 -0.632115 0.958425 0.958425 0.958425
5227.994629 0.000000 567.143188 0.000000 0.675189 0.000000 0.737645 0.801210 0.801210 0.801210
5220.805664 0.000000 566.653503 0.000000 0.610355 0.000000 0.792128 0.727438 0.727438 0.727438
5226.678711 0.000000 572.362549 0.000000 0.949130 0.000000 0.314884 0.745252 0.745252 0.745252
5219.345703 0.000000 571.072083 0.000000 0.650128 0.000000 -0.759825 1.264563 1.264563 1.264563
5229.267578 0.000000 572.381897 0.000000 0.691032 0.000000 0.722824 0.575075 0.575075 0.575075
5225.291992 0.000000 575.806152 0.000000 0.155715 0.000000 0.987802 0.661642 0.661642 0.661642
5222.330566 0.000000 571.593506 0.000000 0.998414 0.000000 -0.056292 0.920248 0.920248 0.920248
5218.820801 0.000000 575.121155 0.000000 0.799272 0.000000 -0.600970 1.199861 1.199861 1.199861
5226.320801 0.000000 569.243958 0.000000 0.578338 0.000000 -0.815797 1.249435 1.249435 1.249435
5222.910156 0.000000 567.730103 0.000000 0.974631 0.000000 0.223817 0.829501 0.829501 0.829501
5214.150391 0.000000 569.928406 0.000000 0.644056 0.000000 0.764978 0.575128 0.575128 0.575128
5229.750488 0.000000 575.532471 0.000000 0.778161 0.000000 -0.628064 1.226518 1.226518 1.226518
5212.841309 0.000000 568.468811 0.000000 0.968867 0.000000 0.247582 0.869645 0.869645 0.869645
5229.958008 0.000000 569.045227 0.000000 0.470081 0.000000 -0.882623 1.072517 1.072517 1.072517
5232.983398 0.000000 574.236267 0.000000 0.083639 0.000000 0.996496 0.398810 0.398810 0.398810
5218.275879 0.000000 569.505066 0.000000 0.352689 0.000000 -0.935740 1.484700 1.484700 1.484700
5225.688965 0.000000 573.958191 0.000000 0.686214 0.000000 0.727400 0.629138 0.629138 0.629138
5216.527832 0.000000 568.317749 0.000000 0.718611 0.000000 0.695412 0.618361 0.618361 0.618361
5231.824219 0.000000 572.274902 0.000000 0.999969 0.000000 -0.007852 0.901958 0.901958 0.901958
5224.201172 0.000000 569.058350 0.000000 0.823887 0.000000 -0.566755 1.177548 1.177548 1.177548
5215.904297 0.000000 571.960205 0.000000 0.067660 0.000000 0.997708 0.258318 0.258318 0.258318
5217.106934 0.000000 574.766968 0.000000 0.457959 0.000000 -0.888973 1.424101 1.424101 1.424101
5219.839355 0.000000 568.358643 0.000000 0.300305 0.000000 0.953843 0.390909 0.390909 0.390909
5215.721191 0.000000 573.773865 0.000000 0.786687 0.000000 -0.617352 1.092858 1.092858 1.092858
5222.680664 0.000000 566.056274 0.000000 0.839853 0.000000 -0.542815 1.016031 1.016031 1.016031
5231.570801 0.000000 575.712769 0.000000 0.581408 0.000000 -0.813612 1.363362 1.363362 1.363362
5224.862793 0.000000 572.450745 0.000000 0.911060 0.000000 0.412273 0.756778 0.756778 0.756778
5221.994141 0.000000 574.348083 0.000000 0.237344 0.000000 0.971426 0.663712 0.663712 0.663712
5222.840820 0.000000 570.061401 0.000000 0.959812 0.000000 0.280644 0.768332 0.768332 0.768332
5219.163574 0.000000 572.740417 0.000000 0.118876 0.000000 0.992909 0.263973 0.263973 0.263973
5226.756348 0.000000 570.769714 0.000000 0.598425 0.000000 -0.801179 1.336382 1.336382 1.336382
5217.723633 0.000000 571.295776 0.000000 0.639320 0.000000 0.768941 0.519609 0.519609 0.519609
5213.567871 0.000000 571.335510 0.000000 0.999299 0.000000 0.037448 0.890405 0.890405 0.890405
5220.493164 0.000000 574.823486 0.000000 0.040396 0.000000 0.999184 0.480488 0.480488 0.480488
5229.332520 0.000000 573.962646 0.000000 0.111319 0.000000 0.993785 0.227852 0.227852 0.227852
5229.702637 0.000000 570.729004 0.000000 0.101076 0.000000 0.994879 0.549997 0.549997 0.549997
5220.731445 0.000000 571.654480 0.000000 0.816814 0.000000 0.576902 0.672022 0.672022 0.672022
5227.761719 0.000000 568.665283 0.000000 0.416124 0.000000 -0.909308 1.148814 1.148814 1.148814
5226.578125 0.000000 567.756042 0.000000 0.695933 0.000000 -0.718107 1.051195 1.051195 1.051195
5227.976074 0.000000 573.135193 0.000000 0.880917 0.000000 -0.473271 1.135944 1.135944 1.135944
5227.956543 0.000000 571.607361 0.000000 0.701360 0.000000 -0.712807 1.276190 1.276190 1.276190
5215.458496 0.000000 569.277649 0.000000 0.946374 0.000000 0.323074 0.749948 0.749948 0.749948
5226.496582 0.000000 575.111328 0.000000 0.760020 0.000000 0.649899 0.728326 0.728326 0.728326
5220.068359 0.000000 569.894592 0.000000 0.424219 0.000000 0.905560 0.342634 0.342634 0.342634
5222.003906 0.000000 572.903076 0.000000 0.843312 0.000000 0.537425 0.759767 0.759767 0.759767
5221.484863 0.000000 567.938354 0.000000 0.367562 0.000000 0.929999 0.524280 0.524280 0.524280
5223.558105 0.000000 572.201172 0.000000 0.528151 0.000000 -0.849150 1.189457 1.189457 1.189457
5215.044434 0.000000 570.931152 0.000000 0.990313 0.000000 0.138856 0.831452 0.831452 0.831452
5230.561523 0.000000 571.889343 0.000000 0.445286 0.000000 -0.895388 1.171681 1.171681 1.171681
5225.687988 0.000000 571.473083 0.000000 0.370962 0.000000 0.928648 0.322094 0.322094 0.322094
5216.476074 0.000000 567.077637 0.000000 0.863593 0.000000 0.504189 0.764642 0.764642 0.764642
5219.357910 0.000000 573.984558 0.000000 0.900368 0.000000 0.435128 0.705790 0.705790 0.705790
5221.540039 0.000000 570.519775 0.000000 0.321659 0.000000 0.946856 0.327312 0.327312 0.327312
5218.135254 0.000000 574.117004 0.000000 0.992304 0.000000 0.123824 0.841424 0.841424 0.841424
5222.516113 0.000000 568.889709 0.000000 0.766504 0.000000 0.642239 0.606967 0.606967 0.606967
5230.337891 0.000000 573.078674 0.000000 0.909658 0.000000 0.415358 0.725801 0.725801 0.725801
5226.855469 0.000000 573.685974 0.000000 0.968272 0.000000 0.249899 0.798415 0.798415 0.798415
5225.241211 0.000000 569.777405 0.000000 0.996821 0.000000 0.079674 0.865233 0.865233 0.865233
5225.364258 0.000000 568.566284 0.000000 0.911773 0.000000 -0.410694 1.044539 1.044539 1.044539
5232.683105 0.000000 575.367554 0.000000 0.103476 0.000000 0.994632 0.300038 0.300038 0.300038
5219.830078 0.000000 575.776428 0.000000 0.565665 0.000000 -0.824635 1.250737 1.250737 1.250737
5223.422363 0.000000 571.079346 0.000000 0.255509 0.000000 0.966807 0.407538 0.407538 0.407538
5217.149902 0.000000 569.252869 0.000000 0.968340 0.000000 0.249636 0.781517 0.781517 0.781517
5216.502930 0.000000 572.997253 0.000000 0.139415 0.000000 0.990234 0.343781 0.343781 0.343781
5217.811523 0.000000 575.633240 0.000000 0.953672 0.000000 -0.300848 1.050368 1.050368 1.050368
5228.659180 0.000000 575.541748 0.000000 0.958221 0.000000 0.286029 0.785287 0.785287 0.785287
5225.793457 0.000000 572.927307 0.000000 0.889722 0.000000 0.456502 0.706141 0.706141 0.706141
5218.805176 0.000000 568.541992 0.000000 0.326541 0.000000 0.945183 0.427060 0.427060 0.427060
5214.600586 0.000000 571.869080 0.000000 0.976632 0.000000 0.214918 0.823589 0.823589 0.823589
5216.964844 0.000000 572.015442 0.000000 0.587830 0.000000 -0.808984 1.266331 1.266331 1.266331
5218.261719 0.000000 572.195862 0.000000 0.159343 0.000000 0.987223 0.205803 0.205803 0.205803
5230.687988 0.000000 575.038635 0.000000 0.564773 0.000000 0.825247 0.422378 0.422378 0.422378
5231.866699 0.000000 574.720947 0.000000 0.506201 0.000000 0.862416 0.481709 0.481709 0.481709
5217.552246 0.000000 568.304504 0.000000 0.867401 0.000000 -0.497609 1.094265 1.094265 1.094265
5218.470215 0.000000 570.514954 0.000000 0.856190 0.000000 0.516661 0.632833 0.632833 0.632833
5223.842285 0.000000 570.142944 0.000000 0.867507 0.000000 -0.497425 1.146827 1.146827 1.146827
5228.880371 0.000000 571.260315 0.000000 0.834743 0.000000 -0.550640 1.129291 1.129291 1.129291
5219.782227 0.000000 571.983337 0.000000 0.775219 0.000000 -0.631692 1.188820 1.188820 1.188820
5217.520508 0.000000 570.352478 0.000000 0.999431 0.000000 0.033738 0.883396 0.883396 0.883396
5216.532227 0.000000 575.534302 0.000000 0.185516 0.000000 -0.982641 1.478488 1.478488 1.478488
5219.286133 0.000000 569.352234 0.000000 0.697933 0.000000 -0.716163 1.283846 1.283846 1.283846
5225.833496 0.000000 570.545410 0.000000 0.849506 0.000000 -0.527579 1.159731 1.159731 1.159731
5217.007812 0.000000 573.826233 0.000000 0.071247 0.000000 0.997459 0.162147 0.162147 0.162147
5220.593262 0.000000 570.662598 0.000000 0.044174 0.000000 -0.999024 1.623757 1.623757 1.623757
5230.205078 0.000000 574.244568 0.000000 0.304124 0.000000 -0.952632 1.520882 1.520882 1.520882
5238.420898 0.000000 576.611633 0.000000 0.647043 0.000000 0.762454 0.892207 0.892207 0.892207
5226.353027 0.000000 583.806030 0.000000 0.994575 0.000000 0.104026 0.866984 0.866984 0.866984
5241.778320 0.000000 589.384888 0.000000 0.592944 0.000000 0.805244 0.504582 0.504582 0.504582
5218.863281 0.000000 576.421875 0.000000 0.243567 0.000000 0.969884 0.310637 0.310637 0.310637
5233.126465 0.000000 589.341125 0.000000 0.801933 0.000000 -0.597414 1.215059 1.215059 1.215059
5218.890137 0.000000 587.004272 0.000000 0.301985 0.000000 -0.953313 0.917041 0.917041 0.917041
5230.917480 0.000000 577.287476 0.000000 0.762788 0.000000 -0.646649 1.170176 1.170176 1.170176
5236.251953 0.000000 583.162598 0.000000 0.933406 0.000000 -0.358822 1.078943 1.078943 1.078943
5212.872070 0.000000 577.583008 0.000000 0.793652 0.000000 -0.608372 0.924981 0.924981 0.924981
5220.794922 0.000000 581.603516 0.000000 0.348193 0.000000 -0.937423 1.399648 1.399648 1.399648
5231.220703 0.000000 584.733643 0.000000 0.824595 0.000000 -0.565723 0.981065 0.981065 0.981065
5229.940430 0.000000 593.190186 0.000000 0.744033 0.000000 0.668143 0.886847 0.886847 0.886847
5228.000977 0.000000 588.517883 0.000000 0.706887 0.000000 0.707326 0.557512 0.557512 0.557512
5237.479980 0.000000 591.640442 0.000000 0.450318 0.000000 0.892868 0.401552 0.401552 0.401552
5216.062500 0.000000 581.904541 0.000000 0.078638 0.000000 0.996903 0.330068 0.330068 0.330068
5223.602539 0.000000 587.894348 0.000000 0.199586 0.000000 -0.979880 1.232417 1.232417 1.232417
5245.148926 0.000000 592.325378 0.000000 0.971173 0.000000 -0.238376 0.916765 0.916765 0.916765
5238.063477 0.000000 587.123230 0.000000 0.933740 0.000000 0.357952 0.742897 0.742897 0.742897
5234.421875 0.000000 594.588989 0.000000 0.967482 0.000000 0.252941 0.882763 0.882763 0.882763
5234.586914 0.000000 579.308594 0.000000 0.867841 0.000000 -0.496842 1.155854 1.155854 1.155854
5241.470703 0.000000 593.651001 0.000000 0.717352 0.000000 0.696711 0.633286 0.633286 0.633286
5239.272461 0.000000 580.413696 0.000000 0.999294 0.000000 0.037563 0.893753 0.893753 0.893753
5239.875000 0.000000 584.052673 0.000000 0.066858 0.000000 0.997763 0.285008 0.285008 0.285008
5222.241699 0.000000 584.719666 0.000000 0.932045 0.000000 -0.362341 1.082449 1.082449 1.082449
5234.376465 0.000000 586.031311 0.000000 0.198189 0.000000 0.980164 0.631941 0.631941 0.631941
5227.683594 0.000000 576.012329 0.000000 0.552022 0.000000 -0.833829 1.134838 1.134838 1.134838
5224.036133 0.000000 581.148743 0.000000 0.992210 0.000000 0.124576 0.873901 0.873901 0.873901
5221.541504 0.000000 578.373291 0.000000 0.997642 0.000000 0.068635 0.893363 0.893363 0.893363
5232.424316 0.000000 581.611328 0.000000 0.775768 0.000000 -0.631018 1.079516 1.079516 1.079516
5218.348145 0.000000 579.565125 0.000000 0.995532 0.000000 -0.094425 0.939946 0.939946 0.939946
5218.565918 0.000000 583.745728 0.000000 0.877488 0.000000 -0.479598 1.086565 1.086565 1.086565
5235.308105 0.000000 576.296082 0.000000 0.991472 0.000000 0.130323 0.868285 0.868285 0.868285
5242.347656 0.000000 586.412537 0.000000 0.476084 0.000000 -0.879400 1.139037 1.139037 1.139037
5215.943359 0.000000 577.664856 0.000000 0.813883 0.000000 0.581029 0.677111 0.677111 0.677111
5213.511719 0.000000 580.513367 0.000000 0.620420 0.000000 -0.784270 1.015460 1.015460 1.015460
5235.972168 0.000000 589.138794 0.000000 0.503538 0.000000 0.863973 0.419531 0.419531 0.419531
5230.837891 0.000000 587.634216 0.000000 0.989411 0.000000 -0.145143 0.968728 0.968728 0.968728
5228.503418 0.000000 585.720947 0.000000 0.665981 0.000000 0.745969 0.567033 0.567033 0.567033
5232.973633 0.000000 592.156860 0.000000 0.946005 0.000000 0.324151 0.825085 0.825085 0.825085
5227.606934 0.000000 591.394531 0.000000 0.972053 0.000000 0.234761 0.879767 0.879767 0.879767
5230.456543 0.000000 590.494080 0.000000 0.938940 0.000000 0.344082 0.779245 0.779245 0.779245
5225.961914 0.000000 586.518188 0.000000 0.623195 0.000000 0.782066 0.490416 0.490416 0.490416
5227.310059 0.000000 578.569641 0.000000 0.999663 0.000000 -0.025945 0.901866 0.901866 0.901866
5225.630371 0.000000 589.578979 0.000000 0.691255 0.000000 -0.722611 1.037904 1.037904 1.037904
5239.191895 0.000000 589.551147 0.000000 0.067967 0.000000 -0.997688 1.592199 1.592199 1.592199
5237.041504 0.000000 594.268677 0.000000 0.103764 0.000000 -0.994602 1.094455 1.094455 1.094455
5237.089844 0.000000 578.902283 0.000000 0.729359 0.000000 0.684131 0.739181 0.739181 0.739181
5228.972168 0.000000 583.280029 0.000000 0.996006 0.000000 -0.089286 0.918080 0.918080 0.918080
5243.981445 0.000000 588.303406 0.000000 0.243206 0.000000 -0.969975 1.170945 1.170945 1.170945
5233.516113 0.000000 583.788940 0.000000 0.929886 0.000000 -0.367849 0.977868 0.977868 0.977868
5242.757324 0.000000 591.598022 0.000000 0.914303 0.000000 -0.405032 1.072405 1.072405 1.072405
5243.895020 0.000000 594.501099 0.000000 0.713554 0.000000 0.700601 0.784888 0.784888 0.784888
5240.076172 0.000000 591.764160 0.000000 0.406032 0.000000 -0.913859 1.467203 1.467203 1.467203
5221.361328 0.000000 586.996216 0.000000 0.975813 0.000000 -0.218605 0.957441 0.957441 0.957441
5231.069824 0.000000 579.764465 0.000000 0.998381 0.000000 -0.056879 0.917902 0.917902 0.917902
5235.270020 0.000000 592.388123 0.000000 0.816482 0.000000 -0.577370 1.096382 1.096382 1.096382
5240.271484 0.000000 587.499756 0.000000 0.200082 0.000000 0.979779 0.253873 0.253873 0.253873
5237.700684 0.000000 584.881470 0.000000 0.001676 0.000000 0.999999 0.156089 0.156089 0.156089
5233.055664 0.000000 576.518738 0.000000 0.710074 0.000000 -0.704127 1.224723 1.224723 1.224723
5239.346680 0.000000 594.275330 0.000000 0.596144 0.000000 -0.802878 1.069642 1.069642 1.069642
5237.186523 0.000000 581.168274 0.000000 0.502039 0.000000 -0.864845 1.334315 1.334315 1.334315
5224.030762 0.000000 583.468567 0.000000 0.003764 0.000000 0.999993 0.255665 0.255665 0.255665
5234.586914 0.000000 581.605286 0.000000 0.340472 0.000000 0.940255 0.369482 0.369482 0.369482
5240.894531 0.000000 582.185486 0.000000 0.990289 0.000000 -0.139021 0.927891 0.927891 0.927891
5220.105957 0.000000 585.209900 0.000000 0.896950 0.000000 0.442131 0.766228 0.766228 0.766228
5214.184082 0.000000 575.931885 0.000000 0.932127 0.000000 0.362132 0.825066 0.825066 0.825066
5215.732910 0.000000 579.712036 0.000000 0.693112 0.000000 0.720830 0.599748 0.599748 0.599748
5223.941406 0.000000 585.831421 0.000000 0.333539 0.000000 0.942736 0.346931 0.346931 0.346931
5218.773438 0.000000 581.558533 0.000000 0.022133 0.000000 0.999755 0.137951 0.137951 0.137951
5244.388184 0.000000 590.389038 0.000000 0.493266 0.000000 0.869878 0.717481 0.717481 0.717481
5232.595215 0.000000 578.465332 0.000000 0.795544 0.000000 0.605896 0.607503 0.607503 0.607503
5220.844727 0.000000 576.500122 0.000000 0.197186 0.000000 0.980366 0.588573 0.588573 0.588573
5238.236816 0.000000 582.923340 0.000000 0.385173 0.000000 -0.922844 1.351611 1.351611 1.351611
5229.232422 0.000000 578.868225 0.000000 0.586879 0.000000 -0.809675 1.116256 1.116256 1.116256
5232.472168 0.000000 586.497253 0.000000 0.961052 0.000000 0.276368 0.821984 0.821984 0.821984
5236.183105 0.000000 586.787048 0.000000 0.755795 0.000000 0.654808 0.686652 0.686652 0.686652
5241.812500 0.000000 583.857910 0.000000 0.497366 0.000000 0.867541 0.730097 0.730097 0.730097
5222.401367 0.000000 580.101990 0.000000 0.277102 0.000000 -0.960840 1.201448 1.201448 1.201448
5222.516113 0.000000 582.306091 0.000000 0.924554 0.000000 -0.381051 1.062501 1.062501 1.062501
5234.477051 0.000000 590.649658 0.000000 0.095472 0.000000 -0.995432 1.622576 1.622576 1.622576
5234.535156 0.000000 587.971375 0.000000 0.512572 0.000000 -0.858644 1.213225 1.213225 1.213225
5216.534180 0.000000 583.674866 0.000000 0.825895 0.000000 0.563824 0.755988 0.755988 0.755988
5219.668457 0.000000 578.244934 0.000000 0.892074 0.000000 -0.451890 1.045387 1.045387 1.045387
5225.449707 0.000000 582.259216 0.000000 0.036107 0.000000 0.999348 0.510346 0.510346 0.510346
5217.750977 0.000000 577.881897 0.000000 0.527365 0.000000 -0.849639 1.399598 1.399598 1.399598
5220.932129 0.000000 583.505249 0.000000 0.323498 0.000000 -0.946229 1.485738 1.485738 1.485738
5239.327148 0.000000 585.848694 0.000000 0.953830 0.000000 -0.300348 1.040514 1.040514 1.040514
5229.086914 0.000000 577.089355 0.000000 0.084022 0.000000 -0.996464 1.370996 1.370996 1.370996
5227.483398 0.000000 582.256836 0.000000 0.835037 0.000000 0.550195 0.807059 0.807059 0.807059
5214.115723 0.000000 578.857910 0.000000 0.534850 0.000000 -0.844947 1.166848 1.166848 1.166848
5220.088867 0.000000 579.960388 0.000000 0.047310 0.000000 0.998880 0.513193 0.513193 0.513193
5235.980957 0.000000 584.860901 0.000000 0.982333 0.000000 -0.187142 0.961755 0.961755 0.961755
5236.774902 0.000000 577.189575 0.000000 0.932201 0.000000 0.361941 0.815122 0.815122 0.815122
5241.032227 0.000000 585.359924 0.000000 0.763218 0.000000 0.646141 0.704268 0.704268 0.704268
5229.818848 0.000000 588.954590 0.000000 0.967393 0.000000 -0.253279 1.023702 1.023702 1.023702
5216.977051 0.000000 576.381165 0.000000 0.454227 0.000000 -0.890886 1.389058 1.389058 1.389058
5230.195312 0.000000 586.129333 0.000000 0.938330 0.000000 0.345740 0.763567 0.763567 0.763567
5238.709473 0.000000 592.729431 0.000000 0.134172 0.000000 -0.990958 1.416325 1.416325 1.416325
5231.377930 0.000000 591.833130 0.000000 0.194108 0.000000 0.980980 0.516780 0.516780 0.516780
5237.583008 0.000000 589.326355 0.000000 0.803492 0.000000 -0.595315 1.176520 1.176520 1.176520
5234.421387 0.000000 577.671936 0.000000 0.706664 0.000000 -0.707549 1.214368 1.214368 1.214368
5229.243164 0.000000 591.650024 0.000000 0.767781 0.000000 0.640712 0.764058 0.764058 0.764058
5226.360840 0.000000 588.115295 0.000000 0.984355 0.000000 0.176194 0.843091 0.843091 0.843091
5228.689453 0.000000 590.109863 0.000000 0.466801 0.000000 0.884362 0.641555 0.641555 0.641555
5235.774902 0.000000 580.398560 0.000000 0.897717 0.000000 -0.440572 1.124500 1.124500 1.124500
5217.072754 0.000000 580.578979 0.000000 0.777811 0.000000 0.628499 0.565579 0.565579 0.565579
5229.058594 0.000000 587.328430 0.000000 0.383484 0.000000 -0.923548 1.479280 1.479280 1.479280
5233.218262 0.000000 580.213318 0.000000 0.996996 0.000000 0.077453 0.867598 0.867598 0.867598
5243.651855 0.000000 592.884399 0.000000 0.974113 0.000000 -0.226061 0.965582 0.965582 0.965582
5226.969238 0.000000 585.261841 0.000000 0.747012 0.000000 0.664810 0.542148 0.542148 0.542148
5227.541992 0.000000 586.985291 0.000000 0.206108 0.000000 0.978529 0.229210 0.229210 0.229210
5225.205078 0.000000 584.857971 0.000000 0.115653 0.000000 0.993290 0.239668 0.239668 0.239668
5231.426270 0.000000 589.218140 0.000000 0.800592 0.000000 0.599209 0.585282 0.585282 0.585282
5236.082520 0.000000 590.787659 0.000000 0.958638 0.000000 -0.284629 1.042021 1.042021 1.042021
5217.561523 0.000000 582.482849 0.000000 0.920068 0.000000 0.391758 0.740813 0.740813 0.740813
5218.437012 0.000000 585.504761 0.000000 0.980821 0.000000 -0.194909 0.933939 0.933939 0.933939
5241.344238 0.000000 590.888184 0.000000 1.000000 0.000000 -0.000944 0.900448 0.900448 0.900448
5227.116211 0.000000 589.936096 0.000000 0.969095 0.000000 -0.246686 0.970007 0.970007 0.970007
5242.395508 0.000000 587.991455 0.000000 0.709895 0.000000 -0.704308 1.107188 1.107188 1.107188
5232.379883 0.000000 587.985779 0.000000 0.986233 0.000000 -0.165362 0.964202 0.964202 0.964202
5229.654785 0.000000 584.619202 0.000000 0.592109 0.000000 0.805858 0.670488 0.670488 0.670488
5231.716309 0.000000 575.889771 0.000000 0.292390 0.000000 -0.956299 1.521206 1.521206 1.521206
5232.675781 0.000000 585.022034 0.000000 0.811538 0.000000 0.584299 0.787832 0.787832 0.787832
5239.443359 0.000000 581.906799 0.000000 0.123164 0.000000 -0.992386 1.238205 1.238205 1.238205
5232.437500 0.000000 590.658508 0.000000 0.237468 0.000000 0.971395 0.346720 0.346720 0.346720
5230.176270 0.000000 575.925110 0.000000 0.984309 0.000000 0.176451 0.812717 0.812717 0.812717
5235.735840 0.000000 578.345886 0.000000 0.621424 0.000000 0.783474 0.554112 0.554112 0.554112
5214.990234 0.000000 580.958008 0.000000 0.678588 0.000000 -0.734519 1.096481 1.096481 1.096481
5219.694336 0.000000 582.746826 0.000000 0.640712 0.000000 -0.767781 1.320909 1.320909 1.320909
5214.431152 0.000000 577.349487 0.000000 0.443964 0.000000 -0.896045 1.177034 1.177034 1.177034
5236.957520 0.000000 588.034485 0.000000 0.790271 0.000000 0.612758 0.670301 0.670301 0.670301
5242.495117 0.000000 594.648132 0.000000 0.322932 0.000000 -0.946422 1.156733 1.156733 1.156733
5242.967285 0.000000 590.141357 0.000000 0.791366 0.000000 -0.611343 1.145333 1.145333 1.145333
5238.839355 0.000000 590.940674 0.000000 0.488043 0.000000 -0.872820 1.422061 1.422061 1.422061
5222.639648 0.000000 586.361816 0.000000 0.245284 0.000000 0.969451 0.492753 0.492753 0.492753
5234.853516 0.000000 583.255554 0.000000 0.110590 0.000000 0.993866 0.453863 0.453863 0.453863
5215.523926 0.000000 576.269836 0.000000 0.985746 0.000000 0.168241 0.841127 0.841127 0.841127
5239.045898 0.000000 588.136536 0.000000 0.789270 0.000000 -0.614047 1.225345 1.225345 1.225345
5216.942871 0.000000 579.044312 0.000000 0.263151 0.000000 0.964755 0.278608 0.278608 0.278608
5224.983398 0.000000 588.061768 0.000000 0.263034 0.000000 0.964787 0.627383 0.627383 0.627383
5236.626465 0.000000 592.751953 0.000000 0.935855 0.000000 0.352386 0.778627 0.778627 0.778627
5227.979492 0.000000 584.316345 0.000000 0.888574 0.000000 0.458734 0.731884 0.731884 0.731884
5240.444824 0.000000 588.899780 0.000000 0.120624 0.000000 -0.992698 1.610183 1.610183 1.610183
5235.910645 0.000000 581.842712 0.000000 0.429486 0.000000 0.903073 0.375884 0.375884 0.375884
5237.993652 0.000000 579.986450 0.000000 0.394387 0.000000 0.918945 0.570066 0.570066 0.570066
5234.590820 0.000000 589.289185 0.000000 0.890752 0.000000 -0.454490 1.132158 1.132158 1.132158
5233.453125 0.000000 582.464600 0.000000 0.919858 0.000000 -0.392252 1.011398 1.011398 1.011398
5239.976562 0.000000 593.104004 0.000000 0.853272 0.000000 0.521466 0.748393 0.748393 0.748393
5234.607422 0.000000 584.738403 0.000000 0.026525 0.000000 -0.999648 1.271269 1.271269 1.271269
5230.482910 0.000000 578.603577 0.000000 0.588745 0.000000 -0.808319 1.193982 1.193982 1.193982
5221.368652 0.000000 585.725525 0.000000 0.508124 0.000000 -0.861284 1.266093 1.266093 1.266093
5241.731445 0.000000 592.409912 0.000000 0.778285 0.000000 -0.627911 1.206594 1.206594 1.206594
5233.546387 0.000000 587.129028 0.000000 0.996452 0.000000 -0.084164 0.927264 0.927264 0.927264
5224.734375 0.000000 586.800171 0.000000 0.276761 0.000000 -0.960939 1.416082 1.416082 1.416082
5240.220215 0.000000 590.377502 0.000000 0.000229 0.000000 1.000000 0.127171 0.127171 0.127171
5223.491211 0.000000 584.691284 0.000000 0.569990 0.000000 0.821652 0.425496 0.425496 0.425496
5237.267090 0.000000 586.069519 0.000000 0.637449 0.000000 0.770492 0.548201 0.548201 0.548201
5222.296387 0.000000 583.503174 0.000000 0.498227 0.000000 0.867047 0.400202 0.400202 0.400202
5219.789551 0.000000 583.982971 0.000000 0.657861 0.000000 0.753139 0.551252 0.551252 0.551252
5238.190430 0.000000 593.868652 0.000000 0.976927 0.000000 0.213573 0.846320 0.846320 0.846320
5235.756348 0.000000 587.959839 0.000000 0.739167 0.000000 0.673523 0.699095 0.699095 0.699095
5234.165039 0.000000 591.877075 0.000000 0.334440 0.000000 0.942417 0.421967 0.421967 0.421967
5238.447266 0.000000 581.284912 0.000000 0.498911 0.000000 0.866653 0.556058 0.556058 0.556058
5237.146484 0.000000 582.336609 0.000000 0.893546 0.000000 -0.448972 1.125976 1.125976 1.125976
5241.183105 0.000000 586.551880 0.000000 0.817100 0.000000 0.576496 0.708101 0.708101 0.708101
5221.981934 0.000000 581.253296 0.000000 0.614915 0.000000 0.788593 0.546848 0.546848 0.546848
5223.720215 0.000000 582.292236 0.000000 0.826711 0.000000 -0.562627 1.117510 1.117510 1.117510
5237.354004 0.000000 583.722046 0.000000 0.417738 0.000000 -0.908568 1.460882 1.460882 1.460882
5231.307617 0.000000 586.557861 0.000000 0.959493 0.000000 0.281733 0.806310 0.806310 0.806310
5238.733398 0.000000 584.188171 0.000000 0.622083 0.000000 0.782951 0.457435 0.457435 0.457435
5232.220703 0.000000 577.338013 0.000000 0.163208 0.000000 -0.986592 1.592270 1.592270 1.592270
5236.856934 0.000000 580.038696 0.000000 0.399015 0.000000 0.916945 0.407241 0.407241 0.407241
5242.545410 0.000000 593.206604 0.000000 0.425742 0.000000 -0.904845 1.245613 1.245613 1.245613
5237.744629 0.000000 590.467285 0.000000 0.988449 0.000000 -0.151554 0.973496 0.973496 0.973496
5242.870117 0.000000 589.008179 0.000000 0.943804 0.000000 0.330505 0.785717 0.785717 0.785717
5219.792969 0.000000 581.067078 0.000000 0.898487 0.000000 -0.439000 1.123638 1.123638 1.123638
5219.880859 0.000000 577.086182 0.000000 0.603337 0.000000 -0.797487 1.190381 1.190381 1.190381
5239.947266 0.000000 582.909607 0.000000 0.239905 0.000000 -0.970796 1.297013 1.297013 1.297013
5234.209961 0.000000 576.587341 0.000000 0.556219 0.000000 -0.831036 1.217395 1.217395 1.217395
5233.726562 0.000000 578.549194 0.000000 0.701770 0.000000 0.712404 0.509829 0.509829 0.509829
5215.282227 0.000000 578.557983 0.000000 0.097619 0.000000 0.995224 0.347276 0.347276 0.347276
5225.117188 0.000000 583.719971 0.000000 0.913393 0.000000 -0.407080 1.046955 1.046955 1.046955
5233.498047 0.000000 588.309998 0.000000 0.990578 0.000000 0.136947 0.841969 0.841969 0.841969
5233.490234 0.000000 581.293030 0.000000 0.527214 0.000000 0.849732 0.550905 0.550905 0.550905
5228.936035 0.000000 576.011963 0.000000 0.982841 0.000000 -0.184457 0.959192 0.959192 0.959192
5234.427734 0.000000 580.439087 0.000000 0.850763 0.000000 -0.525549 1.169805 1.169805 1.169805
5218.205566 0.000000 580.635986 0.000000 0.971089 0.000000 -0.238718 1.013737 1.013737 1.013737
5221.117188 0.000000 584.649902 0.000000 0.477334 0.000000 0.878722 0.444261 0.444261 0.444261
5241.317383 0.000000 587.962463 0.000000 0.941156 0.000000 0.337972 0.770635 0.770635 0.770635
5231.501465 0.000000 578.210632 0.000000 0.852068 0.000000 0.523430 0.685869 0.685869 0.685869
5219.827637 0.000000 575.919434 0.000000 0.967217 0.000000 -0.253953 0.992885 0.992885 0.992885
5218.855957 0.000000 577.537842 0.000000 0.971592 0.000000 0.236664 0.799072 0.799072 0.799072
5239.320801 0.000000 587.015015 0.000000 0.645111 0.000000 0.764089 0.481852 0.481852 0.481852
5232.217773 0.000000 579.505371 0.000000 0.080887 0.000000 0.996723 0.304151 0.304151 0.304151
5221.395020 0.000000 582.553162 0.000000 0.773405 0.000000 -0.633912 1.216258 1.216258 1.216258
5233.479004 0.000000 591.018982 0.000000 0.216018 0.000000 0.976389 0.416610 0.416610 0.416610
5236.751953 0.000000 589.970764 0.000000 0.982419 0.000000 0.186687 0.815190 0.815190 0.815190
5235.339844 0.000000 590.066223 0.000000 0.311705 0.000000 0.950179 0.283038 0.283038 0.283038
5223.619141 0.000000 586.832214 0.000000 0.492441 0.000000 -0.870346 1.262993 1.262993 1.262993
5216.016113 0.000000 580.776978 0.000000 0.094628 0.000000 0.995513 0.253288 0.253288 0.253288
5236.041016 0.000000 579.364563 0.000000 0.937478 0.000000 0.348044 0.768209 0.768209 0.768209
5233.363281 0.000000 577.534668 0.000000 0.996640 0.000000 0.081902 0.862969 0.862969 0.862969
5238.303711 0.000000 585.852783 0.000000 0.472762 0.000000 0.881190 0.369365 0.369365 0.369365
5218.592285 0.000000 578.558777 0.000000 0.965812 0.000000 -0.259244 1.009596 1.009596 1.009596
5236.242188 0.000000 591.796997 0.000000 0.880327 0.000000 0.474368 0.681228 0.681228 0.681228
5225.134277 0.000000 585.889526 0.000000 0.505363 0.000000 -0.862907 1.412241 1.412241 1.412241
5217.990234 0.000000 575.915344 0.000000 0.537476 0.000000 0.843279 0.406279 0.406279 0.406279
5217.059570 0.000000 581.574524 0.000000 0.116557 0.000000 0.993184 0.213946 0.213946 0.213946
5227.004883 0.000000 588.903076 0.000000 0.243894 0.000000 0.969802 0.394110 0.394110 0.394110
5218.708008 0.000000 582.560303 0.000000 0.822700 0.000000 -0.568476 1.185304 1.185304 1.185304
5235.576660 0.000000 583.951294 0.000000 0.394984 0.000000 0.918688 0.442014 0.442014 0.442014
5240.020996 0.000000 585.037292 0.000000 0.495077 0.000000 0.868849 0.504929 0.504929 0.504929
5240.216797 0.000000 586.417725 0.000000 0.998132 0.000000 -0.061092 0.925273 0.925273 0.925273
5229.870117 0.000000 587.944519 0.000000 0.690091 0.000000 -0.723723 1.298173 1.298173 1.298173
5231.416504 0.000000 590.836365 0.000000 0.494116 0.000000 -0.869396 1.309695 1.309695 1.309695
5235.249512 0.000000 591.296997 0.000000 0.929106 0.000000 -0.369812 1.060865 1.060865 1.060865
5219.146484 0.000000 580.232178 0.000000 0.974295 0.000000 -0.225277 0.991390 0.991390 0.991390
5217.965332 0.000000 576.928894 0.000000 0.996344 0.000000 0.085432 0.857910 0.857910 0.857910
5228.972656 0.000000 588.495728 0.000000 0.396442 0.000000 -0.918060 1.407017 1.407017 1.407017
5240.769531 0.000000 592.533936 0.000000 0.796605 0.000000 0.604501 0.619959 0.619959 0.619959
5216.872559 0.000000 577.418701 0.000000 0.112850 0.000000 0.993612 0.225286 0.225286 0.225286
5229.280273 0.000000 586.339233 0.000000 0.460855 0.000000 -0.887476 1.383289 1.383289 1.383289
5226.036133 0.000000 585.584106 0.000000 0.313202 0.000000 -0.949687 1.516186 1.516186 1.516186
5233.801270 0.000000 589.994751 0.000000 0.204985 0.000000 -0.978765 1.571354 1.571354 1.571354
5226.896973 0.000000 586.220764 0.000000 0.848912 0.000000 0.528534 0.632236 0.632236 0.632236
5223.138184 0.000000 583.026184 0.000000 0.460422 0.000000 0.887700 0.399315 0.399315 0.399315
5224.376465 0.000000 584.358582 0.000000 0.141892 0.000000 -0.989882 1.561160 1.561160 1.561160
5233.115234 0.000000 579.278015 0.000000 0.886254 0.000000 0.463199 0.665183 0.665183 0.665183
5240.935059 0.000000 589.784973 0.000000 0.253834 0.000000 -0.967248 1.546655 1.546655 1.546655
5238.503906 0.000000 591.830322 0.000000 0.294974 0.000000 0.955505 0.311535 0.311535 0.311535
5230.719238 0.000000 588.598022 0.000000 0.077625 0.000000 -0.996983 1.634706 1.634706 1.634706
5227.249023 0.000000 587.858582 0.000000 0.760802 0.000000 -0.648984 1.239589 1.239589 1.239589
5235.103516 0.000000 582.341675 0.000000 0.413899 0.000000 0.910323 0.378171 0.378171 0.378171
5230.082520 0.000000 587.023621 0.000000 0.936634 0.000000 -0.350310 1.068875 1.068875 1.068875
5232.155273 0.000000 589.755188 0.000000 0.996377 0.000000 -0.085046 0.940943 0.940943 0.940943
5228.401367 0.000000 586.683411 0.000000 0.957130 0.000000 0.289660 0.755395 0.755395 0.755395
5238.801270 0.000000 585.123535 0.000000 0.998635 0.000000 -0.052224 0.925710 0.925710 0.925710
5231.566406 0.000000 588.329895 0.000000 0.029574 0.000000 0.999563 0.141613 0.141613 0.141613
5228.218262 0.000000 587.598755 0.000000 0.996218 0.000000 -0.086889 0.942809 0.942809 0.942809
"}
